105
103
94
90
84
81
86
79
70
66
63
74
82
74
81
75
86
71
70
72
76
78
65
76
68
68
72
65
66
67
58
48
57
56
53
55
55
55
53
54
52
47
58
54
52
58
55
57
52
58
105
103
94
90
84
81
86
79
70
66
63
74
82
74
81
75
86
71
70
72
76
78
65
76
68
68
72
65
66
67
58
48
57
56
53
55
55
55
53
54
52
47
58
54
52
58
55
57
52
58
105
103
94
90
84
81
86
79
70
66
63
74
82
74
81
75
86
71
70
72
76
78
65
76
68
68
72
65
66
67
58
48
57
56
53
55
55
55
53
54
52
47
58
54
52
58
55
57
52
58
105
103
94
90
84
81
86
79
70
66
63
74
82
74
81
75
86
71
70
72
76
78
65
76
68
68
72
65
66
67
58
48
57
56
53
55
55
55
53
54
52
47
58
54
52
58
55
57
52
58
103
103
104
106
104
103
105
98
102
105
96
94
87
81
84
80
92
84
80
87
79
71
80
77
86
87
95
87
98
87
88
88
86
91
84
92
87
88
90
78
84
80
81
73
79
85
79
90
90
97
103
103
104
106
104
103
105
98
102
105
96
94
87
81
84
80
92
84
80
87
79
71
80
77
86
87
95
87
98
87
88
88
86
91
84
92
87
88
90
78
84
80
81
73
79
85
79
90
90
97
103
103
104
106
104
103
105
98
102
105
96
94
87
81
84
80
92
84
80
87
79
71
80
77
86
87
95
87
98
87
88
88
86
91
84
92
87
88
90
78
84
80
81
73
79
85
79
90
90
97
103
103
104
106
104
103
105
98
102
105
96
94
87
81
84
80
92
84
80
87
79
71
80
77
86
87
95
87
98
87
88
88
86
91
84
92
87
88
90
78
84
80
81
73
79
85
79
90
90
97
103
101
82
85
80
85
67
57
66
62
64
64
61
66
65
67
65
63
61
64
70
61
71
71
66
63
67
65
69
72
75
64
65
62
64
67
66
62
67
55
62
61
63
64
62
71
62
64
66
59
103
101
82
85
80
85
67
57
66
62
64
64
61
66
65
67
65
63
61
64
70
61
71
71
66
63
67
65
69
72
75
64
65
62
64
67
66
62
67
55
62
61
63
64
62
71
62
64
66
59
103
101
82
85
80
85
67
57
66
62
64
64
61
66
65
67
65
63
61
64
70
61
71
71
66
63
67
65
69
72
75
64
65
62
64
67
66
62
67
55
62
61
63
64
62
71
62
64
66
59
103
101
82
85
80
85
67
57
66
62
64
64
61
66
65
67
65
63
61
64
70
61
71
71
66
63
67
65
69
72
75
64
65
62
64
67
66
62
67
55
62
61
63
64
62
71
62
64
66
59
104
105
96
93
88
79
65
64
59
54
51
54
52
58
56
54
52
55
58
55
55
53
56
56
54
53
55
57
58
52
54
57
49
57
52
59
55
61
55
56
52
55
57
55
58
58
57
57
56
51
104
105
96
93
88
79
65
64
59
54
51
54
52
58
56
54
52
55
58
55
55
53
56
56
54
53
55
57
58
52
54
57
49
57
52
59
55
61
55
56
52
55
57
55
58
58
57
57
56
51
104
105
96
93
88
79
65
64
59
54
51
54
52
58
56
54
52
55
58
55
55
53
56
56
54
53
55
57
58
52
54
57
49
57
52
59
55
61
55
56
52
55
57
55
58
58
57
57
56
51
104
105
96
93
88
79
65
64
59
54
51
54
52
58
56
54
52
55
58
55
55
53
56
56
54
53
55
57
58
52
54
57
49
57
52
59
55
61
55
56
52
55
57
55
58
58
57
57
56
51
84
84
76
66
67
66
58
53
53
46
50
47
49
41
41
48
49
49
51
54
46
46
48
43
46
52
50
46
43
48
50
47
49
50
45
48
49
52
47
46
45
48
49
42
42
42
44
45
44
46
84
84
76
66
67
66
58
53
53
46
50
47
49
41
41
48
49
49
51
54
46
46
48
43
46
52
50
46
43
48
50
47
49
50
45
48
49
52
47
46
45
48
49
42
42
42
44
45
44
46
84
84
76
66
67
66
58
53
53
46
50
47
49
41
41
48
49
49
51
54
46
46
48
43
46
52
50
46
43
48
50
47
49
50
45
48
49
52
47
46
45
48
49
42
42
42
44
45
44
46
84
84
76
66
67
66
58
53
53
46
50
47
49
41
41
48
49
49
51
54
46
46
48
43
46
52
50
46
43
48
50
47
49
50
45
48
49
52
47
46
45
48
49
42
42
42
44
45
44
46
103
102
102
104
103
105
103
103
93
95
90
97
94
95
95
92
87
96
83
85
85
90
72
84
86
93
96
85
89
90
96
99
89
79
82
90
86
88
83
90
89
83
83
96
89
88
81
86
84
78
103
102
102
104
103
105
103
103
93
95
90
97
94
95
95
92
87
96
83
85
85
90
72
84
86
93
96
85
89
90
96
99
89
79
82
90
86
88
83
90
89
83
83
96
89
88
81
86
84
78
103
102
102
104
103
105
103
103
93
95
90
97
94
95
95
92
87
96
83
85
85
90
72
84
86
93
96
85
89
90
96
99
89
79
82
90
86
88
83
90
89
83
83
96
89
88
81
86
84
78
103
102
102
104
103
105
103
103
93
95
90
97
94
95
95
92
87
96
83
85
85
90
72
84
86
93
96
85
89
90
96
99
89
79
82
90
86
88
83
90
89
83
83
96
89
88
81
86
84
78
105
106
106
107
106
108
109
109
108
109
109
109
108
110
108
106
108
106
107
104
109
104
106
106
105
105
106
107
105
106
107
105
106
105
109
105
109
102
97
106
103
105
107
102
103
106
105
105
104
104
106
105
106
107
106
107
106
107
108
108
108
108
108
109
107
107
105
107
109
107
106
107
107
107
106
105
105
106
104
106
107
105
104
106
105
103
104
101
104
106
104
105
103
103
106
103
104
102
104
103
105
105
105
108
107
105
108
104
105
107
108
106
105
105
107
103
104
103
104
107
107
102
103
105
100
106
105
104
106
106
105
107
103
105
105
104
101
105
104
105
104
103
103
104
101
106
105
103
103
102
106
104
104
106
106
109
105
109
105
105
104
104
105
106
107
105
105
106
107
105
104
106
107
106
104
104
108
107
105
104
108
109
106
106
107
104
107
103
105
107
103
104
103
102
103
105
103
105
102
106
102
105
107
105
105
108
107
106
104
105
108
107
108
107
108
107
110
109
106
105
104
105
106
105
105
106
107
108
101
107
107
104
105
104
102
105
104
105
103
104
105
103
106
105
107
106
103
105
102
106
103
101
103
101
101
102
102
101
102
102
102
102
101
100
104
103
103
103
101
104
102
101
100
101
101
101
86
81
91
102
101
102
101
101
101
101
101
101
101
100
100
101
102
100
101
100
100
101
100
83
107
105
106
108
104
106
105
104
105
106
104
107
106
106
104
105
106
108
105
107
106
105
106
105
104
108
105
107
107
105
106
106
107
104
103
103
103
106
103
105
104
102
105
103
103
106
105
106
104
107
103
101
103
101
101
102
102
101
102
102
102
102
101
100
104
103
103
103
101
104
102
101
100
101
101
101
86
81
91
102
101
102
101
101
101
101
101
101
101
100
100
101
102
100
101
100
100
101
100
83
106
105
105
104
107
107
106
108
107
108
106
104
107
107
106
105
105
107
107
105
107
106
104
105
109
106
106
107
106
107
103
107
108
105
108
107
110
106
106
105
104
105
102
107
105
106
106
105
101
105
103
101
103
101
101
102
102
101
102
102
102
102
101
100
104
103
103
103
101
104
102
101
100
101
101
101
86
81
91
102
101
102
101
101
101
101
101
101
101
100
100
101
102
100
101
100
100
101
100
83
105
105
105
104
104
107
108
106
104
103
107
106
103
105
103
107
104
105
103
103
103
105
107
105
106
104
107
106
106
107
107
109
105
106
107
106
106
106
107
106
105
104
107
106
104
104
105
103
104
103
103
101
103
101
101
102
102
101
102
102
102
102
101
100
104
103
103
103
101
104
102
101
100
101
101
101
86
81
91
102
101
102
101
101
101
101
101
101
101
100
100
101
102
100
101
100
100
101
100
83
103
107
105
107
109
110
106
104
109
106
109
107
110
108
107
107
110
109
106
110
106
109
109
107
108
107
110
108
109
109
109
108
110
107
107
109
109
106
109
108
110
105
109
108
107
107
108
108
107
110
103
102
103
101
100
101
100
102
102
102
101
104
102
102
102
101
103
103
102
103
101
101
105
101
103
100
100
101
100
103
101
103
100
100
100
101
99
100
100
102
101
101
100
100
102
100
101
101
100
100
103
107
106
107
108
107
110
106
107
109
110
109
108
110
108
108
108
108
110
109
107
110
110
106
107
108
108
109
108
108
108
109
109
110
108
110
109
108
107
107
107
109
108
110
105
105
107
107
106
105
103
102
103
101
100
101
100
102
102
102
101
104
102
102
102
101
103
103
102
103
101
101
105
101
103
100
100
101
100
103
101
103
100
100
100
101
99
100
100
102
101
101
100
100
102
100
101
101
100
100
103
107
105
105
104
109
107
107
107
103
107
108
107
106
106
107
106
107
107
105
107
102
105
109
105
104
104
104
105
108
106
103
106
103
108
103
104
102
107
105
104
105
107
105
105
104
106
109
104
105
103
102
103
101
100
101
100
102
102
102
101
104
102
102
102
101
103
103
102
103
101
101
105
101
103
100
100
101
100
103
101
103
100
100
100
101
99
100
100
102
101
101
100
100
102
100
101
101
100
100
105
104
108
105
109
104
108
105
103
109
106
105
106
108
104
107
105
109
108
108
108
107
105
105
107
104
105
105
107
104
107
104
103
104
105
105
103
105
105
104
103
105
105
103
106
103
108
107
102
103
103
102
103
101
100
101
100
102
102
102
101
104
102
102
102
101
103
103
102
103
101
101
105
101
103
100
100
101
100
103
101
103
100
100
100
101
99
100
100
102
101
101
100
100
102
100
101
101
100
100
103
103
106
105
108
107
106
104
106
103
105
105
108
104
106
104
105
102
105
103
106
106
105
105
106
107
107
105
106
108
103
104
107
107
105
107
105
107
106
99
106
104
106
104
107
104
105
105
106
107
102
104
102
103
104
104
103
105
105
101
102
105
106
103
101
101
102
104
104
103
102
104
106
105
104
103
100
104
104
102
103
102
102
103
104
104
105
104
103
104
103
105
106
103
101
103
103
104
106
105
101
100
101
101
101
100
100
101
101
102
100
100
97
102
98
93
100
82
95
83
99
97
93
98
98
84
85
82
89
86
90
97
97
100
84
86
93
93
90
81
88
82
81
88
94
93
87
95
100
91
103
103
106
105
108
107
106
104
106
103
105
105
108
104
106
104
105
102
105
103
106
106
105
105
106
107
107
105
106
108
103
104
107
107
105
107
105
107
106
99
106
104
106
104
107
104
105
105
106
107
103
103
106
105
108
107
106
104
106
103
105
105
108
104
106
104
105
102
105
103
106
106
105
105
106
107
107
105
106
108
103
104
107
107
105
107
105
107
106
99
106
104
106
104
107
104
105
105
106
107
104
104
102
103
105
104
103
105
108
103
109
104
106
104
105
108
104
106
105
106
105
104
102
105
105
106
105
104
104
106
106
105
105
105
108
106
108
106
106
107
104
105
106
103
105
105
107
104
103
104
104
103
102
102
105
104
104
104
102
105
108
105
107
104
106
106
106
105
107
105
104
106
106
107
106
108
104
108
107
105
108
105
106
106
107
104
104
107
107
105
103
106
103
103
106
106
108
107
105
107
104
103
102
102
105
104
104
104
102
105
108
105
107
104
106
106
106
105
107
105
104
106
106
107
106
108
104
108
107
105
108
105
106
106
107
104
104
107
107
105
103
106
103
103
106
106
108
107
105
107
104
103
102
102
105
104
104
104
102
105
108
105
107
104
106
106
106
105
107
105
104
106
106
107
106
108
104
108
107
105
108
105
106
106
107
104
104
107
107
105
103
106
103
103
106
106
108
107
105
107
105
101
104
106
105
102
105
107
104
109
106
105
108
105
104
105
106
106
103
105
104
105
106
105
104
103
105
103
106
108
104
107
104
103
105
105
102
107
104
108
106
107
108
108
106
107
106
105
105
108
104
107
102
106
104
104
106
104
108
108
103
103
107
104
107
105
103
103
103
104
107
105
103
103
104
101
102
104
104
106
103
100
103
99
105
103
105
101
100
105
104
85
103
97
104
105
102
103
95
101
104
107
102
106
104
104
106
104
108
108
103
103
107
104
107
105
103
103
103
104
107
105
103
103
104
101
102
104
104
106
103
100
103
99
105
103
105
101
100
105
104
85
103
97
104
105
102
103
95
101
104
107
102
106
104
104
106
104
108
108
103
103
107
104
107
105
103
103
103
104
107
105
103
103
104
101
102
104
104
106
103
100
103
99
105
103
105
101
100
105
104
85
103
97
104
105
102
103
95
101
106
101
104
104
104
105
106
104
104
103
102
106
104
105
103
104
101
98
103
103
104
102
101
105
99
106
100
102
104
103
95
102
94
104
102
103
102
104
103
99
103
103
104
106
104
100
99
105
104
103
78
102
101
103
101
104
102
105
107
106
102
105
102
106
105
106
105
101
103
106
102
104
102
100
103
105
97
95
105
103
103
105
104
109
105
104
104
104
100
104
98
100
92
96
104
103
104
100
99
106
78
102
101
103
101
104
102
105
107
106
102
105
102
106
105
106
105
101
103
106
102
104
102
100
103
105
97
95
105
103
103
105
104
109
105
104
104
104
100
104
98
100
92
96
104
103
104
100
99
106
102
101
104
109
102
105
104
102
103
104
102
105
105
104
106
103
103
104
104
104
102
104
102
105
104
103
103
101
103
102
102
104
103
101
102
104
104
102
101
102
103
103
102
103
104
106
105
104
104
105
78
102
101
103
101
104
102
105
107
106
102
105
102
106
105
106
105
101
103
106
102
104
102
100
103
105
97
95
105
103
103
105
104
109
105
104
104
104
100
104
98
100
92
96
104
103
104
100
99
106
78
102
102
103
103
103
102
98
105