cap101
3883226133
3883226133
3883226133
3883226133
cap102
3883231133
3883231133
3883231133
3883231133
cap103
3883236133
3883236133
3883236133
3883236133
cap104
3883243633
3883243633
3883243633
3883243633
cap121
4148374586
4485606773
4188078978
4148374586
cap122
4148394586
4485626773
4188098978
4148394586
cap123
4148414586
4485646773
4188118978
4148414586
cap124
4148444586
4485676773
4188148978
4148444586
cap131
3883226133
3883226133
3883226133
3883226133
cap132
3883231133
3883231133
3883231133
3883231133
cap133
3883236133
3883236133
3883236133
3883236133
cap134
3883243633
3883243633
3883243633
3883243633
cap61
4688622204
4843215576
4688622204
4688622204
cap62
4688642204
4843230576
4688642204
4688642204
cap63
4688662204
4843245576
4688662204
4688662204
cap64
4688692204
4843268076
4688692204
4688692204
cap71
4879355523
4879355523
4879355523
4879355523
cap72
4879360523
4879360523
4879360523
4879360523
cap73
4879365523
4879365523
4879365523
4879365523
cap74
4879373023
4879373023
4879373023
4879373023
cap91
4148374586
4360589531
4148374586
4148374586
cap92
4148394586
4360609531
4148394586
4148394586
cap93
4148414586
4360629531
4148414586
4148414586
cap94
4148444586
4360659531
4148444586
4148444586
capa1
597792773
671454491
620197078
589318621
capa1_1
564243652
632972705
561010539
548745597
capa1_2
525229416
579298622
526125782
521481187
capa1_3
516385140
538718275
504007496
492051928
capa1_4
490957059
549059239
487507367
474996393
capa1_5
316475579
343165644
318679738
314792952
capa1_6
NaN
NaN
NaN
NaN
capa2
557707915
594714674
569801413
548745597
capa2_1
316475579
343165644
318679738
314792952
capa3
561058278
580806563
569032222
548023803
capa3_1
316475579
343165644
318679738
314792952
capa4
562534634
615142163
563739530
550248973
capa4_1
316475579
343165644
318679738
314792952
capb1
515622070
572737525
505146961
486836335
capb1_1
253869206
304100004
256079268
252480772
capb2
567001642
667394033
566473237
506917887
capb2_1
253869206
308453050
256079268
252480772
capb3
559929462
664169620
592914264
551712110
capb3_1
253869206
308453050
256079268
252480772
capb4
561987580
582074957
541010194
539395881
capb4_1
253869206
308453050
256079268
252480772
pn56
542720
554236
544099
539561
pn56_1
475837
482903
476556
473513
pn56_2
420850
499977
420850
420850
pn57
547520
559036
548899
544361
pn58
558720
570236
560099
555561
pn59
553167
564180
556164
548421
pn60
624469
656609
625032
617133
pn61
627769
659909
628332
620433
pn62
635469
667609
636032
628133
pn63
630796
663724
633136
623281
pn64
720930
760477
720930
720930
pn65
723330
762877
723330
723330
pn66
728930
768477
728930
728930
pn67
607508
628944
607508
607508
pn68
702643
738073
702643
702643
pn69
705343
740773
705343
705343
pn69_1
659572
683172
659572
659572
pn69_2
NaN
NaN
NaN
NaN
pn70
711643
747073
711643
711643
pn71
709660
744923
709660
709660
