103
89
84
72
73
72
67
65
67
69
66
70
66
76
75
64
62
67
66
70
69
68
54
57
58
61
58
69
58
60
60
66
65
59
59
58
56
58
63
61
61
62
66
65
67
72
70
65
71
72
103
89
84
72
73
72
67
65
67
69
66
70
66
76
75
64
62
67
66
70
69
68
54
57
58
61
58
69
58
60
60
66
65
59
59
58
56
58
63
61
61
62
66
65
67
72
70
65
71
72
103
89
84
72
73
72
67
65
67
69
66
70
66
76
75
64
62
67
66
70
69
68
54
57
58
61
58
69
58
60
60
66
65
59
59
58
56
58
63
61
61
62
66
65
67
72
70
65
71
72
103
89
84
72
73
72
67
65
67
69
66
70
66
76
75
64
62
67
66
70
69
68
54
57
58
61
58
69
58
60
60
66
65
59
59
58
56
58
63
61
61
62
66
65
67
72
70
65
71
72
104
104
102
106
106
103
104
98
94
98
104
103
103
97
94
97
90
102
93
105
93
84
93
84
75
78
73
86
78
78
79
83
84
82
85
88
72
78
74
79
81
87
87
89
86
98
94
87
86
82
104
104
102
106
106
103
104
98
94
98
104
103
103
97
94
97
90
102
93
105
93
84
93
84
75
78
73
86
78
78
79
83
84
82
85
88
72
78
74
79
81
87
87
89
86
98
94
87
86
82
104
104
102
106
106
103
104
98
94
98
104
103
103
97
94
97
90
102
93
105
93
84
93
84
75
78
73
86
78
78
79
83
84
82
85
88
72
78
74
79
81
87
87
89
86
98
94
87
86
82
104
104
102
106
106
103
104
98
94
98
104
103
103
97
94
97
90
102
93
105
93
84
93
84
75
78
73
86
78
78
79
83
84
82
85
88
72
78
74
79
81
87
87
89
86
98
94
87
86
82
104
103
99
94
86
79
84
81
77
83
78
75
65
70
64
70
77
80
73
78
82
76
65
67
74
71
61
59
60
63
65
61
62
62
59
68
76
72
64
67
67
66
72
68
70
71
73
60
64
58
104
103
99
94
86
79
84
81
77
83
78
75
65
70
64
70
77
80
73
78
82
76
65
67
74
71
61
59
60
63
65
61
62
62
59
68
76
72
64
67
67
66
72
68
70
71
73
60
64
58
104
103
99
94
86
79
84
81
77
83
78
75
65
70
64
70
77
80
73
78
82
76
65
67
74
71
61
59
60
63
65
61
62
62
59
68
76
72
64
67
67
66
72
68
70
71
73
60
64
58
104
103
99
94
86
79
84
81
77
83
78
75
65
70
64
70
77
80
73
78
82
76
65
67
74
71
61
59
60
63
65
61
62
62
59
68
76
72
64
67
67
66
72
68
70
71
73
60
64
58
100
101
89
86
93
89
87
79
67
67
66
59
55
56
55
51
49
53
55
51
59
55
50
55
52
55
55
57
54
53
52
56
56
60
58
54
60
56
65
62
58
50
58
53
54
57
53
54
53
57
100
101
89
86
93
89
87
79
67
67
66
59
55
56
55
51
49
53
55
51
59
55
50
55
52
55
55
57
54
53
52
56
56
60
58
54
60
56
65
62
58
50
58
53
54
57
53
54
53
57
100
101
89
86
93
89
87
79
67
67
66
59
55
56
55
51
49
53
55
51
59
55
50
55
52
55
55
57
54
53
52
56
56
60
58
54
60
56
65
62
58
50
58
53
54
57
53
54
53
57
100
101
89
86
93
89
87
79
67
67
66
59
55
56
55
51
49
53
55
51
59
55
50
55
52
55
55
57
54
53
52
56
56
60
58
54
60
56
65
62
58
50
58
53
54
57
53
54
53
57
79
75
73
78
64
65
54
60
52
48
51
47
53
48
45
44
48
43
40
39
45
41
46
45
47
42
47
50
48
47
51
54
49
51
49
48
47
47
48
42
45
51
45
51
46
42
45
43
45
47
79
75
73
78
64
65
54
60
52
48
51
47
53
48
45
44
48
43
40
39
45
41
46
45
47
42
47
50
48
47
51
54
49
51
49
48
47
47
48
42
45
51
45
51
46
42
45
43
45
47
79
75
73
78
64
65
54
60
52
48
51
47
53
48
45
44
48
43
40
39
45
41
46
45
47
42
47
50
48
47
51
54
49
51
49
48
47
47
48
42
45
51
45
51
46
42
45
43
45
47
79
75
73
78
64
65
54
60
52
48
51
47
53
48
45
44
48
43
40
39
45
41
46
45
47
42
47
50
48
47
51
54
49
51
49
48
47
47
48
42
45
51
45
51
46
42
45
43
45
47
105
103
104
103
105
106
96
100
96
89
98
94
86
82
81
84
85
82
85
78
89
76
90
83
81
88
85
79
83
74
85
88
81
90
77
80
78
75
87
80
80
77
86
83
84
90
83
85
90
92
105
103
104
103
105
106
96
100
96
89
98
94
86
82
81
84
85
82
85
78
89
76
90
83
81
88
85
79
83
74
85
88
81
90
77
80
78
75
87
80
80
77
86
83
84
90
83
85
90
92
105
103
104
103
105
106
96
100
96
89
98
94
86
82
81
84
85
82
85
78
89
76
90
83
81
88
85
79
83
74
85
88
81
90
77
80
78
75
87
80
80
77
86
83
84
90
83
85
90
92
105
103
104
103
105
106
96
100
96
89
98
94
86
82
81
84
85
82
85
78
89
76
90
83
81
88
85
79
83
74
85
88
81
90
77
80
78
75
87
80
80
77
86
83
84
90
83
85
90
92
104
103
106
108
107
110
105
108
106
106
108
108
109
109
110
107
108
108
107
107
106
106
107
107
104
107
106
105
108
108
105
106
106
109
107
105
105
108
106
104
107
107
107
104
104
107
109
106
104
107
104
107
107
107
106
107
106
110
105
108
107
105
109
109
106
104
106
106
108
108
106
108
107
107
107
105
105
103
104
103
105
103
103
104
105
107
105
105
102
101
102
105
104
101
103
106
102
103
102
101
106
103
105
103
108
108
107
108
109
108
108
107
107
107
108
108
106
104
105
104
106
108
107
108
106
108
106
108
107
105
106
104
105
106
106
109
104
104
110
106
106
107
106
104
106
102
106
104
102
104
102
102
105
105
105
105
101
108
108
108
105
106
107
108
104
106
105
104
104
104
105
106
106
106
104
106
103
104
106
105
106
103
106
103
106
106
106
102
106
104
103
103
103
102
105
104
105
102
103
104
104
104
108
105
108
108
108
107
108
106
107
107
106
110
106
107
105
106
106
105
107
106
105
106
104
110
103
105
103
106
105
107
105
105
106
105
107
106
104
106
103
102
104
103
104
106
106
103
105
103
101
101
102
104
102
102
102
101
100
100
100
100
102
101
102
100
104
103
104
102
102
102
101
103
102
94
97
90
92
102
102
100
102
97
101
100
101
97
103
97
91
101
100
102
94
87
98
97
100
99
106
106
105
107
106
106
104
105
107
104
110
106
107
108
107
108
105
106
107
107
107
106
106
106
107
106
105
104
104
104
104
104
107
107
104
105
105
107
105
105
104
104
106
106
104
102
103
106
105
102
101
101
102
104
102
102
102
101
100
100
100
100
102
101
102
100
104
103
104
102
102
102
101
103
102
94
97
90
92
102
102
100
102
97
101
100
101
97
103
97
91
101
100
102
94
87
98
97
100
99
104
104
104
105
107
107
104
105
103
106
106
105
110
109
104
109
106
105
105
104
109
103
105
107
105
105
106
105
103
105
105
105
105
106
106
107
108
102
102
104
104
104
105
107
101
104
104
103
103
101
101
101
102
104
102
102
102
101
100
100
100
100
102
101
102
100
104
103
104
102
102
102
101
103
102
94
97
90
92
102
102
100
102
97
101
100
101
97
103
97
91
101
100
102
94
87
98
97
100
99
106
107
102
105
107
105
107
107
107
105
103
104
102
102
101
105
105
103
102
103
105
106
104
104
104
102
102
104
102
105
105
107
105
104
103
106
105
105
103
104
105
105
105
104
103
106
101
103
104
102
101
101
102
104
102
102
102
101
100
100
100
100
102
101
102
100
104
103
104
102
102
102
101
103
102
94
97
90
92
102
102
100
102
97
101
100
101
97
103
97
91
101
100
102
94
87
98
97
100
99
102
106
105
109
107
109
107
107
106
108
108
109
110
108
108
109
108
109
107
108
109
109
109
107
109
108
107
107
109
108
110
107
107
107
105
106
106
107
106
105
108
106
105
105
105
104
107
105
107
106
102
103
100
102
101
101
101
101
100
104
100
103
100
102
100
102
101
101
102
100
101
101
101
95
89
88
103
100
101
101
101
101
101
101
101
101
101
101
101
101
102
100
101
101
100
100
101
101
100
102
106
107
105
107
105
107
107
108
107
108
107
108
106
109
108
108
107
109
109
106
110
108
109
107
105
106
107
108
107
108
107
107
108
107
105
104
106
106
106
108
106
106
105
105
105
107
104
106
109
105
102
103
100
102
101
101
101
101
100
104
100
103
100
102
100
102
101
101
102
100
101
101
101
95
89
88
103
100
101
101
101
101
101
101
101
101
101
101
101
101
102
100
101
101
100
100
101
101
100
102
108
107
107
107
106
108
109
108
108
107
110
105
105
108
105
106
106
107
104
107
107
107
108
105
107
105
105
101
106
104
105
105
104
106
104
103
104
104
105
108
106
106
105
103
104
107
106
105
103
104
102
103
100
102
101
101
101
101
100
104
100
103
100
102
100
102
101
101
102
100
101
101
101
95
89
88
103
100
101
101
101
101
101
101
101
101
101
101
101
101
102
100
101
101
100
100
101
101
100
102
106
105
107
106
105
105
107
105
110
106
107
107
108
108
108
108
104
109
106
104
108
105
106
103
104
102
106
104
105
102
105
104
104
104
104
105
107
107
108
106
106
105
107
104
103
106
105
103
101
104
102
103
100
102
101
101
101
101
100
104
100
103
100
102
100
102
101
101
102
100
101
101
101
95
89
88
103
100
101
101
101
101
101
101
101
101
101
101
101
101
102
100
101
101
100
100
101
101
100
102
105
105
103
103
104
105
105
105
103
107
106
105
107
105
104
103
105
104
105
106
105
106
106
104
106
108
105
106
105
105
106
105
107
106
103
104
107
108
104
102
102
106
105
104
103
105
103
108
100
103
101
103
102
101
103
103
106
104
102
105
102
106
104
105
105
104
103
102
102
105
104
105
106
102
103
102
103
104
101
105
102
107
104
103
105
101
105
102
104
105
103
105
104
103
106
104
104
105
106
104
101
101
100
102
101
100
94
95
92
98
96
100
100
85
84
100
95
99
100
97
102
100
97
101
100
100
100
83
96
100
99
95
90
101
98
94
89
92
100
99
94
84
84
80
89
86
101
96
96
92
105
105
103
103
104
105
105
105
103
107
106
105
107
105
104
103
105
104
105
106
105
106
106
104
106
108
105
106
105
105
106
105
107
106
103
104
107
108
104
102
102
106
105
104
103
105
103
108
100
103
105
105
103
103
104
105
105
105
103
107
106
105
107
105
104
103
105
104
105
106
105
106
106
104
106
108
105
106
105
105
106
105
107
106
103
104
107
108
104
102
102
106
105
104
103
105
103
108
100
103
102
105
104
104
105
104
105
105
108
109
106
105
109
106
106
104
106
107
103
107
108
105
107
106
106
105
105
106
106
103
107
104
104
106
104
105
107
105
108
104
109
104
103
104
104
107
105
105
108
104
105
104
106
103
103
103
104
104
102
105
105
105
104
104
100
102
103
105
104
103
103
106
104
103
103
106
106
108
108
105
103
105
105
104
105
104
106
104
104
106
106
106
102
106
105
105
104
104
103
106
105
104
106
103
103
103
104
104
102
105
105
105
104
104
100
102
103
105
104
103
103
106
104
103
103
106
106
108
108
105
103
105
105
104
105
104
106
104
104
106
106
106
102
106
105
105
104
104
103
106
105
104
106
103
103
103
104
104
102
105
105
105
104
104
100
102
103
105
104
103
103
106
104
103
103
106
106
108
108
105
103
105
105
104
105
104
106
104
104
106
106
106
102
106
105
105
104
104
103
106
104
104
102
103
106
105
105
105
104
104
104
105
105
105
108
106
103
106
104
107
108
108
105
106
109
103
107
106
106
106
107
105
107
104
107
106
108
107
106
105
106
107
105
104
106
106
106
105
104
105
104
105
102
103
105
105
101
104
103
104
104
106
104
92
103
102
104
104
103
106
105
105
106
107
104
104
104
106
106
104
101
105
106
103
103
105
108
104
101
99
102
101
105
103
106
103
104
101
103
100
104
105
102
103
105
105
101
104
103
104
104
106
104
92
103
102
104
104
103
106
105
105
106
107
104
104
104
106
106
104
101
105
106
103
103
105
108
104
101
99
102
101
105
103
106
103
104
101
103
100
104
105
102
103
105
105
101
104
103
104
104
106
104
92
103
102
104
104
103
106
105
105
106
107
104
104
104
106
106
104
101
105
106
103
103
105
108
104
101
99
102
101
105
103
106
103
104
101
103
100
102
102
105
106
106
105
102
107
105
107
104
106
106
107
105
105
108
103
104
104
103
104
106
104
106
104
106
105
103
102
105
104
98
105
104
101
103
106
104
105
105
105
105
101
102
105
105
104
94
101
35
88
87
92
83
80
86
75
90
93
88
92
88
93
88
96
98
92
100
97
92
96
103
97
102
100
97
92
99
84
91
97
102
104
103
94
101
106
102
101
101
101
103
102
96
98
97
90
88
94
35
88
87
92
83
80
86
75
90
93
88
92
88
93
88
96
98
92
100
97
92
96
103
97
102
100
97
92
99
84
91
97
102
104
103
94
101
106
102
101
101
101
103
102
96
98
97
90
88
94
103
104
104
103
102
103
108
105
102
103
102
103
104
102
103
103
104
107
101
103
104
103
103
102
103
102
104
105
103
104
106
102
101
104
103
103
106
104
103
105
103
106
102
102
101
104
107
104
103
103
35
88
87
92
83
80
86
75
90
93
88
92
88
93
88
96
98
92
100
97
92
96
103
97
102
100
97
92
99
84
91
97
102
104
103
94
101
106
102
101
101
101
103
102
96
98
97
90
88
94
35
88
98
85
86
80
77
82
88
91
87
84
94
85
91
85
94
86
88
88
82
86
89
87
93
87
85
81
87
97
94
104
103
103
103
103