cap101
3883226133
3883226133
3883226133
3883226133
cap102
3883231133
3883231133
3883231133
3883231133
cap103
3883236133
3883236133
3883236133
3883236133
cap104
3883243633
3883243633
3883243633
3883243633
cap121
4148374586
4188078978
4148374586
4148374586
cap122
4148394586
4188098978
4148394586
4148394586
cap123
4148414586
4188118978
4148414586
4148414586
cap124
4148444586
4188148978
4148444586
4148444586
cap131
3883226133
3883226133
3883226133
3883226133
cap132
3883231133
3883231133
3883231133
3883231133
cap133
3883236133
3883236133
3883236133
3883236133
cap134
3883243633
3883243633
3883243633
3883243633
cap61
4688622204
5119923946
4688622204
4688622204
cap62
4688642204
5119938946
4688642204
4688642204
cap63
4688662204
5119953946
4688662204
4688662204
cap64
4688692204
5119976446
4688692204
4688692204
cap71
4879355523
4879355523
4879355523
4879355523
cap72
4879360523
4879360523
4879360523
4879360523
cap73
4879365523
4879365523
4879365523
4879365523
cap74
4879373023
4879373023
4879373023
4879373023
cap91
4188078978
4529537022
4148374586
4148374586
cap92
4188098978
4529557022
4148394586
4148394586
cap93
4188118978
4529577022
4148414586
4148414586
cap94
4188148978
4529607022
4148444586
4148444586
capa1
614657562
656978067
625119532
590771573
capa1_1
568247077
620990922
564123204
548745597
capa1_2
530165653
586735763
543151052
525290262
capa1_3
510612800
542725570
500985580
496560120
capa1_4
485482635
619658406
489128917
471626104
capa1_5
318193320
320112826
317531550
315401602
capa1_6
NaN
NaN
NaN
NaN
capa2
558613489
580799366
558792998
547068228
capa2_1
318193320
320112826
317531550
315401602
capa3
556670586
604634699
563464153
547934147
capa3_1
318193320
320112826
317531550
315401602
capa4
557668615
582146945
557551374
547068228
capa4_1
318193320
320112826
317531550
315401602
capb1
496968333
550951285
491700270
478947232
capb1_1
252908052
272037164
253740097
252771517
capb2
554619261
547430507
543882533
515851894
capb2_1
252908052
272037164
253740097
252771517
capb3
557140966
732118101
565868505
553654387
capb3_1
252908052
272037164
253740097
252771517
capb4
549424637
600667666
551759087
537997806
capb4_1
252908052
272037164
253740097
252771517
pn56
550734
554537
542720
539561
pn56_1
473513
473513
473513
473513
pn56_2
420850
452984
420850
420850
pn57
555534
559337
547520
544361
pn58
566734
570537
558720
555561
pn59
551070
561740
548421
548421
pn60
624254
636170
624807
624254
pn61
627554
639470
628107
627554
pn62
635254
647170
635807
635254
pn63
623281
642467
632306
623281
pn64
736142
774863
720930
720930
pn65
738542
777263
723330
723330
pn66
744142
782863
728930
728930
pn67
614555
648106
614555
607508
pn68
720820
717854
702643
702643
pn69
723520
720554
705343
705343
pn69_1
659572
712935
659572
659572
pn69_2
NaN
NaN
NaN
NaN
pn70
729820
726854
711643
711643
pn71
723654
724532
709660
709660
