104
98
79
83
75
70
78
71
63
61
60
57
66
65
56
59
62
63
68
65
60
63
58
64
71
63
61
60
64
67
67
68
60
64
64
68
68
73
72
67
64
61
66
70
73
75
68
70
62
63
104
98
79
83
75
70
78
71
63
61
60
57
66
65
56
59
62
63
68
65
60
63
58
64
71
63
61
60
64
67
67
68
60
64
64
68
68
73
72
67
64
61
66
70
73
75
68
70
62
63
104
98
79
83
75
70
78
71
63
61
60
57
66
65
56
59
62
63
68
65
60
63
58
64
71
63
61
60
64
67
67
68
60
64
64
68
68
73
72
67
64
61
66
70
73
75
68
70
62
63
104
98
79
83
75
70
78
71
63
61
60
57
66
65
56
59
62
63
68
65
60
63
58
64
71
63
61
60
64
67
67
68
60
64
64
68
68
73
72
67
64
61
66
70
73
75
68
70
62
63
104
103
107
104
105
103
102
107
105
104
104
99
90
100
97
94
93
104
98
98
96
97
104
104
91
97
95
92
85
85
101
91
88
95
80
87
89
86
98
89
91
88
81
81
90
79
78
88
84
83
104
103
107
104
105
103
102
107
105
104
104
99
90
100
97
94
93
104
98
98
96
97
104
104
91
97
95
92
85
85
101
91
88
95
80
87
89
86
98
89
91
88
81
81
90
79
78
88
84
83
104
103
107
104
105
103
102
107
105
104
104
99
90
100
97
94
93
104
98
98
96
97
104
104
91
97
95
92
85
85
101
91
88
95
80
87
89
86
98
89
91
88
81
81
90
79
78
88
84
83
104
103
107
104
105
103
102
107
105
104
104
99
90
100
97
94
93
104
98
98
96
97
104
104
91
97
95
92
85
85
101
91
88
95
80
87
89
86
98
89
91
88
81
81
90
79
78
88
84
83
102
100
92
89
96
87
92
99
88
77
80
80
74
79
72
77
74
74
68
73
72
70
71
81
74
72
63
71
71
76
64
70
73
68
65
66
71
66
73
72
78
69
69
68
65
57
65
59
67
62
102
100
92
89
96
87
92
99
88
77
80
80
74
79
72
77
74
74
68
73
72
70
71
81
74
72
63
71
71
76
64
70
73
68
65
66
71
66
73
72
78
69
69
68
65
57
65
59
67
62
102
100
92
89
96
87
92
99
88
77
80
80
74
79
72
77
74
74
68
73
72
70
71
81
74
72
63
71
71
76
64
70
73
68
65
66
71
66
73
72
78
69
69
68
65
57
65
59
67
62
102
100
92
89
96
87
92
99
88
77
80
80
74
79
72
77
74
74
68
73
72
70
71
81
74
72
63
71
71
76
64
70
73
68
65
66
71
66
73
72
78
69
69
68
65
57
65
59
67
62
103
102
95
69
69
58
53
55
56
53
52
55
53
53
56
56
51
53
48
55
53
57
58
55
54
56
54
57
59
55
54
54
55
57
57
56
58
59
58
52
55
48
54
58
59
59
53
54
52
60
103
102
95
69
69
58
53
55
56
53
52
55
53
53
56
56
51
53
48
55
53
57
58
55
54
56
54
57
59
55
54
54
55
57
57
56
58
59
58
52
55
48
54
58
59
59
53
54
52
60
103
102
95
69
69
58
53
55
56
53
52
55
53
53
56
56
51
53
48
55
53
57
58
55
54
56
54
57
59
55
54
54
55
57
57
56
58
59
58
52
55
48
54
58
59
59
53
54
52
60
103
102
95
69
69
58
53
55
56
53
52
55
53
53
56
56
51
53
48
55
53
57
58
55
54
56
54
57
59
55
54
54
55
57
57
56
58
59
58
52
55
48
54
58
59
59
53
54
52
60
82
71
62
63
50
51
54
45
46
46
44
48
48
46
51
46
47
53
49
45
50
45
50
49
47
46
47
48
51
49
48
46
45
51
47
43
38
39
39
38
39
39
43
45
47
46
38
42
44
42
82
71
62
63
50
51
54
45
46
46
44
48
48
46
51
46
47
53
49
45
50
45
50
49
47
46
47
48
51
49
48
46
45
51
47
43
38
39
39
38
39
39
43
45
47
46
38
42
44
42
82
71
62
63
50
51
54
45
46
46
44
48
48
46
51
46
47
53
49
45
50
45
50
49
47
46
47
48
51
49
48
46
45
51
47
43
38
39
39
38
39
39
43
45
47
46
38
42
44
42
82
71
62
63
50
51
54
45
46
46
44
48
48
46
51
46
47
53
49
45
50
45
50
49
47
46
47
48
51
49
48
46
45
51
47
43
38
39
39
38
39
39
43
45
47
46
38
42
44
42
104
103
105
101
103
103
103
87
94
94
86
83
80
100
76
95
97
92
93
91
82
98
89
94
94
80
91
89
94
82
91
95
93
92
91
87
80
93
84
98
104
103
86
87
91
82
87
92
76
79
104
103
105
101
103
103
103
87
94
94
86
83
80
100
76
95
97
92
93
91
82
98
89
94
94
80
91
89
94
82
91
95
93
92
91
87
80
93
84
98
104
103
86
87
91
82
87
92
76
79
104
103
105
101
103
103
103
87
94
94
86
83
80
100
76
95
97
92
93
91
82
98
89
94
94
80
91
89
94
82
91
95
93
92
91
87
80
93
84
98
104
103
86
87
91
82
87
92
76
79
104
103
105
101
103
103
103
87
94
94
86
83
80
100
76
95
97
92
93
91
82
98
89
94
94
80
91
89
94
82
91
95
93
92
91
87
80
93
84
98
104
103
86
87
91
82
87
92
76
79
103
107
102
108
108
106
104
107
108
106
106
108
108
109
109
109
108
109
108
108
109
107
109
107
107
110
107
106
108
104
106
107
104
103
105
102
101
103
103
102
105
106
103
106
104
106
105
105
105
105
102
108
107
108
105
105
106
106
105
105
106
105
106
106
105
107
107
107
104
104
105
104
102
106
105
105
105
105
105
104
104
105
106
107
106
104
104
105
105
106
105
106
104
107
103
102
105
104
101
105
105
106
106
105
105
106
106
107
106
104
104
105
107
107
106
105
103
107
104
105
104
107
104
105
104
106
104
107
106
107
104
103
104
104
104
104
103
102
104
100
105
106
105
102
101
103
103
103
103
103
105
108
105
107
107
106
106
108
108
108
106
105
107
105
105
105
104
103
106
106
109
106
105
104
107
105
107
105
104
108
105
105
104
106
108
102
105
105
104
104
103
102
106
106
106
101
106
104
105
107
101
105
107
105
103
106
104
108
108
106
105
106
109
107
106
106
105
103
106
103
103
105
102
105
108
106
105
107
106
107
106
107
106
105
107
102
107
104
105
103
104
103
106
103
105
103
103
104
103
104
105
102
102
101
102
102
102
103
102
104
103
101
104
104
101
104
102
103
100
100
102
102
100
100
101
102
101
101
103
101
89
101
102
100
102
101
103
101
102
102
100
100
102
101
101
102
101
103
104
102
105
105
105
106
106
105
106
105
106
108
108
108
105
106
105
108
106
108
106
106
107
107
107
105
106
105
107
104
104
102
104
105
106
106
106
106
106
104
104
107
105
104
105
106
104
105
108
104
103
104
105
102
102
101
102
102
102
103
102
104
103
101
104
104
101
104
102
103
100
100
102
102
100
100
101
102
101
101
103
101
89
101
102
100
102
101
103
101
102
102
100
100
102
101
101
102
101
103
104
102
105
102
105
108
108
108
106
108
110
106
107
104
107
105
103
106
108
105
104
106
105
103
107
104
107
104
106
105
107
106
103
104
106
108
105
107
104
106
106
107
107
106
103
105
107
104
106
104
106
105
105
102
102
101
102
102
102
103
102
104
103
101
104
104
101
104
102
103
100
100
102
102
100
100
101
102
101
101
103
101
89
101
102
100
102
101
103
101
102
102
100
100
102
101
101
102
101
103
104
102
105
104
105
105
104
109
107
105
106
109
108
107
108
106
106
104
107
104
105
106
106
103
104
105
104
104
103
105
106
105
107
106
106
105
103
103
101
106
103
106
105
103
106
103
100
101
102
104
102
107
105
102
102
101
102
102
102
103
102
104
103
101
104
104
101
104
102
103
100
100
102
102
100
100
101
102
101
101
103
101
89
101
102
100
102
101
103
101
102
102
100
100
102
101
101
102
101
103
104
102
105
105
106
108
105
105
105
106
109
109
108
108
110
105
108
108
109
109
107
107
109
107
106
107
108
109
108
106
108
104
107
107
105
105
106
105
104
108
103
106
104
106
106
107
108
105
106
105
105
104
107
102
100
100
101
101
100
102
102
102
101
103
102
100
102
103
100
100
102
102
102
100
100
101
100
102
101
92
90
81
90
91
83
82
77
79
76
79
70
58
65
61
61
56
53
55
51
47
45
47
103
104
106
107
107
109
108
110
109
106
110
107
107
109
110
109
106
106
109
108
110
108
108
106
109
109
107
110
109
110
107
106
108
109
108
106
107
108
104
108
106
106
106
106
106
103
103
105
106
106
107
102
100
100
101
101
100
102
102
102
101
103
102
100
102
103
100
100
102
102
102
100
100
101
100
102
101
92
90
81
90
91
83
82
77
79
76
79
70
58
65
61
61
56
53
55
51
47
45
47
105
108
106
107
105
108
106
107
106
105
105
107
109
108
108
105
108
108
107
108
107
106
107
104
106
107
102
105
106
106
104
105
107
106
106
106
108
106
106
105
105
103
105
109
107
105
107
104
107
105
107
102
100
100
101
101
100
102
102
102
101
103
102
100
102
103
100
100
102
102
102
100
100
101
100
102
101
92
90
81
90
91
83
82
77
79
76
79
70
58
65
61
61
56
53
55
51
47
45
47
106
102
106
105
109
108
106
107
107
107
109
106
108
108
109
106
106
109
107
107
106
107
106
106
105
106
103
106
105
107
106
107
103
104
108
106
106
106
107
107
105
107
106
107
106
103
105
106
107
105
107
102
100
100
101
101
100
102
102
102
101
103
102
100
102
103
100
100
102
102
102
100
100
101
100
102
101
92
90
81
90
91
83
82
77
79
76
79
70
58
65
61
61
56
53
55
51
47
45
47
103
104
106
106
105
104
104
106
105
105
105
105
105
104
103
104
107
104
107
104
108
105
104
104
104
102
103
105
103
102
102
106
102
102
104
107
105
103
96
104
104
107
101
103
102
104
104
107
103
105
100
101
104
108
103
106
104
102
103
104
104
106
103
105
104
103
104
102
105
102
107
105
105
103
106
104
104
107
105
103
106
104
107
102
103
105
102
104
103
105
106
105
102
104
105
103
102
107
106
104
100
101
100
102
100
102
101
100
101
100
97
98
94
96
98
100
100
95
92
102
86
87
84
100
102
98
100
94
100
90
91
80
72
77
93
99
83
79
93
92
85
92
93
89
89
89
101
96
92
85
103
104
106
106
105
104
104
106
105
105
105
105
105
104
103
104
107
104
107
104
108
105
104
104
104
102
103
105
103
102
102
106
102
102
104
107
105
103
96
104
104
107
101
103
102
104
104
107
103
105
103
104
106
106
105
104
104
106
105
105
105
105
105
104
103
104
107
104
107
104
108
105
104
104
104
102
103
105
103
102
102
106
102
102
104
107
105
103
96
104
104
107
101
103
102
104
104
107
103
105
103
105
104
102
105
105
107
106
108
103
105
104
105
104
107
107
103
101
104
102
105
102
103
103
99
101
101
103
101
105
102
101
92
92
103
101
96
93
102
101
99
102
96
95
103
98
105
99
98
103
108
103
104
102
102
105
102
105
105
101
104
103
105
106
102
100
105
103
105
105
105
106
102
104
100
103
100
106
103
106
105
102
106
108
106
105
98
105
105
103
102
105
103
100
103
104
100
105
105
97
108
103
104
102
102
105
102
105
105
101
104
103
105
106
102
100
105
103
105
105
105
106
102
104
100
103
100
106
103
106
105
102
106
108
106
105
98
105
105
103
102
105
103
100
103
104
100
105
105
97
108
103
104
102
102
105
102
105
105
101
104
103
105
106
102
100
105
103
105
105
105
106
102
104
100
103
100
106
103
106
105
102
106
108
106
105
98
105
105
103
102
105
103
100
103
104
100
105
105
97
103
105
104
104
102
103
102
100
102
102
98
99
94
93
88
92
92
93
104
100
93
103
103
104
104
102
102
104
104
105
101
101
106
105
105
106
102
104
102
102
103
104
103
106
105
103
102
107
104
103
107
105
102
102
105
105
106
103
103
104
106
101
101
105
105
92
98
100
103
100
100
97
88
100
83
104
93
93
102
103
105
98
102
92
92
104
104
96
104
103
101
98
104
104
103
100
96
101
102
104
107
105
102
102
105
105
106
103
103
104
106
101
101
105
105
92
98
100
103
100
100
97
88
100
83
104
93
93
102
103
105
98
102
92
92
104
104
96
104
103
101
98
104
104
103
100
96
101
102
104
107
105
102
102
105
105
106
103
103
104
106
101
101
105
105
92
98
100
103
100
100
97
88
100
83
104
93
93
102
103
105
98
102
92
92
104
104
96
104
103
101
98
104
104
103
100
96
101
102
104
104
104
103
105
105
101
103
102
102
104
105
103
102
103
106
107
103
102
103
104
105
105
105
105
107
103
105
106
104
104
103
106
104
106
103
106
103
107
105
107
104
102
107
104
103
103
105
106
100
102
89
102
104
104
105
105
104
103
103
97
105
108
102
102
96
103
104
103
102
102
104
106
102
103
99
104
105
108
103
105
104
104
104
102
103
104
103
99
105
102
99
103
101
100
104
102
104
104
103
105
89
102
104
104
105
105
104
103
103
97
105
108
102
102
96
103
104
103
102
102
104
106
102
103
99
104
105
108
103
105
104
104
104
102
103
104
103
99
105
102
99
103
101
100
104
102
104
104
103
105
104
104
102
104
104
102
102
103
103
100
104
102
102
103
102
100
104
104
103
104
105
102
103
104
103
105
105
103
104
103
103
104
103
105
103
103
103
103
100
102
100
104
104
103
102
106
104
103
103
103
89
102
104
104
105
105
104
103
103
97
105
108
102
102
96
103
104
103
102
102
104
106
102
103
99
104
105
108
103
105
104
104
104
102
103
104
103
99
105
102
99
103
101
100
104
102
104
104
103
105
89
102
103
103
107
102
108
104
107
104
106
103
103
103
103
104
104
103
103
104
103
105
108
106
107
10