cap101
3883226133
4017315058
3883226133
3883226133
cap102
3883231133
4017320058
3883231133
3883231133
cap103
3883236133
4017325058
3883236133
3883236133
cap104
3883243633
4017332558
3883243633
3883243633
cap121
4148374586
4467753815
4297500460
4148374586
cap122
4148394586
4467773815
4297520460
4148394586
cap123
4148414586
4467793815
4297540460
4148414586
cap124
4148444586
4467823815
4297570460
4148444586
cap131
3883226133
3905771349
3883226133
3883226133
cap132
3883231133
3905781349
3883231133
3883231133
cap133
3883236133
3905791349
3883236133
3883236133
cap134
3883243633
3905806349
3883243633
3883243633
cap61
4688622204
4688622204
4688622204
4688622204
cap62
4688642204
4688642204
4688642204
4688642204
cap63
4688662204
4688662204
4688662204
4688662204
cap64
4688692204
4688692204
4688692204
4688692204
cap71
4879355523
4879355523
4879355523
4879355523
cap72
4879360523
4879360523
4879360523
4879360523
cap73
4879365523
4879365523
4879365523
4879365523
cap74
4879373023
4879373023
4879373023
4879373023
cap91
4148374586
4712049529
4148374586
4148374586
cap92
4148394586
4712069529
4148394586
4148394586
cap93
4148414586
4712089529
4148414586
4148414586
cap94
4148444586
4712119529
4148444586
4148444586
capa1
625907424
663951474
600363837
589318621
capa1_1
557099990
741007820
576979059
552212118
capa1_2
534717885
562077705
528089646
517038235
capa1_3
503588758
529459188
509144227
494844265
capa1_4
478202532
528767922
486778631
471488544
capa1_5
318271205
330158019
318328294
314792952
capa1_6
NaN
NaN
NaN
NaN
capa2
552982021
586310761
577803701
548339457
capa2_1
318271205
330158019
318328294
314792952
capa3
559799986
642312974
557663607
549808707
capa3_1
318271205
330158019
318328294
314792952
capa4
559106449
581310264
557233888
547794517
capa4_1
318271205
330158019
318328294
314792952
capb1
506803332
537782336
515394841
471453127
capb1_1
253945065
388706739
254552546
252480772
capb2
537594833
633384613
575334902
507459631
capb2_1
253945065
388706739
254552546
252480772
capb3
593624033
637127209
574071657
551002633
capb3_1
253945065
388706739
254552546
252480772
capb4
558864957
590471561
565117678
540308858
capb4_1
253945065
388706739
254552546
252480772
pn56
539561
NaN
539561
539561
pn56_1
473513
477561
473513
473513
pn56_2
420850
480341
420850
420850
pn57
544361
NaN
544361
544361
pn58
555561
NaN
555561
555561
pn59
548421
NaN
551070
548421
pn60
617133
634353
624254
617133
pn61
620433
637653
627554
620433
pn62
628133
645353
635254
628133
pn63
632306
641049
632603
623281
pn64
720930
788635
720930
720930
pn65
723330
791035
723330
723330
pn66
728930
796635
728930
728930
pn67
614555
629073
607508
607508
pn68
706588
718319
702643
702643
pn69
709288
721019
705343
705343
pn69_1
662448
702759
659572
659572
pn69_2
NaN
NaN
NaN
NaN
pn70
715588
727319
711643
711643
pn71
709660
725042
709660
709660
