102
88
81
73
73
73
73
69
69
74
72
77
65
69
72
70
64
63
69
66
65
62
65
56
62
61
59
59
49
54
63
60
60
71
66
61
63
63
61
67
64
65
63
61
62
61
64
60
64
66
102
88
81
73
73
73
73
69
69
74
72
77
65
69
72
70
64
63
69
66
65
62
65
56
62
61
59
59
49
54
63
60
60
71
66
61
63
63
61
67
64
65
63
61
62
61
64
60
64
66
102
88
81
73
73
73
73
69
69
74
72
77
65
69
72
70
64
63
69
66
65
62
65
56
62
61
59
59
49
54
63
60
60
71
66
61
63
63
61
67
64
65
63
61
62
61
64
60
64
66
102
88
81
73
73
73
73
69
69
74
72
77
65
69
72
70
64
63
69
66
65
62
65
56
62
61
59
59
49
54
63
60
60
71
66
61
63
63
61
67
64
65
63
61
62
61
64
60
64
66
105
102
104
101
104
105
106
104
105
105
105
105
106
103
106
103
104
87
93
103
99
94
99
101
106
94
102
104
88
89
86
93
99
95
91
85
93
101
93
92
97
83
90
95
100
89
102
93
93
100
105
102
104
101
104
105
106
104
105
105
105
105
106
103
106
103
104
87
93
103
99
94
99
101
106
94
102
104
88
89
86
93
99
95
91
85
93
101
93
92
97
83
90
95
100
89
102
93
93
100
105
102
104
101
104
105
106
104
105
105
105
105
106
103
106
103
104
87
93
103
99
94
99
101
106
94
102
104
88
89
86
93
99
95
91
85
93
101
93
92
97
83
90
95
100
89
102
93
93
100
105
102
104
101
104
105
106
104
105
105
105
105
106
103
106
103
104
87
93
103
99
94
99
101
106
94
102
104
88
89
86
93
99
95
91
85
93
101
93
92
97
83
90
95
100
89
102
93
98
82
102
96
90
89
81
66
61
68
67
71
65
63
61
63
64
68
64
66
54
61
54
60
59
54
60
64
66
56
64
70
58
68
63
63
66
68
68
62
68
71
72
67
67
71
78
72
69
84
76
73
102
96
90
89
81
66
61
68
67
71
65
63
61
63
64
68
64
66
54
61
54
60
59
54
60
64
66
56
64
70
58
68
63
63
66
68
68
62
68
71
72
67
67
71
78
72
69
84
76
73
102
96
90
89
81
66
61
68
67
71
65
63
61
63
64
68
64
66
54
61
54
60
59
54
60
64
66
56
64
70
58
68
63
63
66
68
68
62
68
71
72
67
67
71
78
72
69
84
76
73
102
96
90
89
81
66
61
68
67
71
65
63
61
63
64
68
64
66
54
61
54
60
59
54
60
64
66
56
64
70
58
68
63
63
66
68
68
62
68
71
72
67
67
71
78
72
69
84
76
73
104
103
100
98
78
64
68
64
58
52
59
54
59
56
56
56
49
54
54
54
55
53
54
54
57
55
56
61
57
56
53
56
58
57
54
55
54
59
56
57
60
56
61
60
56
52
55
61
56
60
104
103
100
98
78
64
68
64
58
52
59
54
59
56
56
56
49
54
54
54
55
53
54
54
57
55
56
61
57
56
53
56
58
57
54
55
54
59
56
57
60
56
61
60
56
52
55
61
56
60
104
103
100
98
78
64
68
64
58
52
59
54
59
56
56
56
49
54
54
54
55
53
54
54
57
55
56
61
57
56
53
56
58
57
54
55
54
59
56
57
60
56
61
60
56
52
55
61
56
60
104
103
100
98
78
64
68
64
58
52
59
54
59
56
56
56
49
54
54
54
55
53
54
54
57
55
56
61
57
56
53
56
58
57
54
55
54
59
56
57
60
56
61
60
56
52
55
61
56
60
80
75
65
67
60
60
59
62
64
61
60
64
52
51
54
50
51
55
55
51
52
54
46
52
50
54
52
56
59
60
55
56
50
52
50
51
55
57
55
49
52
48
51
49
49
52
58
50
54
53
80
75
65
67
60
60
59
62
64
61
60
64
52
51
54
50
51
55
55
51
52
54
46
52
50
54
52
56
59
60
55
56
50
52
50
51
55
57
55
49
52
48
51
49
49
52
58
50
54
53
80
75
65
67
60
60
59
62
64
61
60
64
52
51
54
50
51
55
55
51
52
54
46
52
50
54
52
56
59
60
55
56
50
52
50
51
55
57
55
49
52
48
51
49
49
52
58
50
54
53
80
75
65
67
60
60
59
62
64
61
60
64
52
51
54
50
51
55
55
51
52
54
46
52
50
54
52
56
59
60
55
56
50
52
50
51
55
57
55
49
52
48
51
49
49
52
58
50
54
53
105
104
104
103
104
97
100
96
92
91
84
90
99
87
93
85
96
92
97
102
92
95
85
82
80
83
87
92
88
96
89
79
86
98
93
87
88
84
99
99
96
92
85
91
91
79
80
85
94
96
105
104
104
103
104
97
100
96
92
91
84
90
99
87
93
85
96
92
97
102
92
95
85
82
80
83
87
92
88
96
89
79
86
98
93
87
88
84
99
99
96
92
85
91
91
79
80
85
94
96
105
104
104
103
104
97
100
96
92
91
84
90
99
87
93
85
96
92
97
102
92
95
85
82
80
83
87
92
88
96
89
79
86
98
93
87
88
84
99
99
96
92
85
91
91
79
80
85
94
96
105
104
104
103
104
97
100
96
92
91
84
90
99
87
93
85
96
92
97
102
92
95
85
82
80
83
87
92
88
96
89
79
86
98
93
87
88
84
99
99
96
92
85
91
91
79
80
85
94
96
103
108
106
105
109
105
108
108
106
107
108
108
106
107
108
107
109
107
108
107
107
106
103
107
106
102
107
105
107
105
106
105
106
105
103
106
108
105
103
104
105
104
107
109
104
104
104
104
104
104
104
105
106
108
107
104
106
106
107
107
107
107
105
102
103
101
104
106
103
106
104
106
103
106
104
105
103
102
104
106
105
106
106
107
105
103
106
106
108
107
106
106
106
103
104
105
105
105
105
106
103
106
107
106
106
106
108
108
110
107
110
107
108
108
109
107
110
106
108
107
105
103
106
107
106
106
104
107
106
104
106
107
107
108
103
104
105
101
103
105
106
106
105
107
105
102
105
103
102
104
105
105
108
107
109
107
105
108
106
105
107
109
107
107
108
106
105
110
108
105
107
107
104
107
106
104
103
103
105
105
105
106
103
104
104
105
106
102
106
103
104
107
105
103
105
106
105
103
104
103
107
104
106
109
107
108
105
106
105
104
106
103
105
106
104
104
105
106
108
104
103
103
105
105
105
107
104
103
103
103
105
104
103
104
105
105
102
104
103
104
102
104
104
103
104
102
103
104
105
103
102
102
100
102
103
100
104
101
102
102
101
102
101
105
102
100
103
102
104
104
102
102
103
102
101
102
100
101
99
93
89
101
101
92
87
91
87
76
77
75
82
83
78
76
80
91
89
96
89
77
104
108
105
105
109
107
107
107
106
105
110
107
106
108
106
108
106
105
106
105
106
107
106
104
106
105
101
106
104
104
104
103
105
104
104
106
106
104
104
102
100
103
103
104
105
105
101
106
103
104
102
102
100
102
103
100
104
101
102
102
101
102
101
105
102
100
103
102
104
104
102
102
103
102
101
102
100
101
99
93
89
101
101
92
87
91
87
76
77
75
82
83
78
76
80
91
89
96
89
77
106
106
105
105
106
105
108
106
104
104
106
104
106
106
105
105
108
108
104
103
103
105
104
103
105
105
103
107
105
105
105
107
106
103
107
104
106
106
105
103
104
101
105
105
107
103
106
104
107
104
102
102
100
102
103
100
104
101
102
102
101
102
101
105
102
100
103
102
104
104
102
102
103
102
101
102
100
101
99
93
89
101
101
92
87
91
87
76
77
75
82
83
78
76
80
91
89
96
89
77
104
106
103
105
104
107
103
104
106
106
104
106
106
104
108
107
109
104
105
102
107
107
108
106
105
105
105
104
101
104
106
105
106
102
104
104
104
104
107
106
107
106
105
105
105
105
105
104
104
105
102
102
100
102
103
100
104
101
102
102
101
102
101
105
102
100
103
102
104
104
102
102
103
102
101
102
100
101
99
93
89
101
101
92
87
91
87
76
77
75
82
83
78
76
80
91
89
96
89
77
104
104
103
106
107
107
106
106
109
110
108
107
107
110
107
105
108
107
108
106
107
108
107
108
105
109
108
105
108
108
108
106
104
104
106
110
106
107
102
105
107
107
108
106
106
107
107
107
105
105
105
102
102
102
101
102
102
103
102
103
101
102
101
101
104
102
103
101
101
100
102
100
100
91
95
81
74
69
73
77
77
75
65
65
68
56
51
48
50
50
54
56
49
44
41
38
48
37
37
28
103
104
105
109
108
107
108
104
107
108
107
109
109
107
110
109
107
108
108
108
107
110
108
106
108
105
107
108
107
105
106
107
105
104
104
102
104
105
105
107
105
103
106
107
106
104
102
109
107
105
105
102
102
102
101
102
102
103
102
103
101
102
101
101
104
102
103
101
101
100
102
100
100
91
95
81
74
69
73
77
77
75
65
65
68
56
51
48
50
50
54
56
49
44
41
38
48
37
37
28
104
109
106
108
109
108
105
106
108
108
107
107
109
109
106
109
106
109
107
109
107
105
105
107
106
104
104
106
103
107
107
103
104
108
107
106
108
108
106
107
105
105
105
105
105
107
105
106
107
105
105
102
102
102
101
102
102
103
102
103
101
102
101
101
104
102
103
101
101
100
102
100
100
91
95
81
74
69
73
77
77
75
65
65
68
56
51
48
50
50
54
56
49
44
41
38
48
37
37
28
103
103
107
105
107
105
106
108
104
107
108
104
106
107
105
105
106
109
107
107
107
109
105
104
106
104
106
106
108
107
106
109
104
105
108
105
105
105
107
106
105
105
105
107
105
104
105
105
105
108
105
102
102
102
101
102
102
103
102
103
101
102
101
101
104
102
103
101
101
100
102
100
100
91
95
81
74
69
73
77
77
75
65
65
68
56
51
48
50
50
54
56
49
44
41
38
48
37
37
28
102
104
103
104
106
104
109
103
101
104
106
104
104
105
105
104
106
106
106
107
106
106
105
108
107
106
104
104
106
106
105
105
107
106
106
106
109
105
105
106
101
104
105
106
108
104
105
107
105
104
101
102
102
102
103
107
103
104
104
106
101
104
103
100
102
101
107
101
103
105
104
105
103
102
104
103
104
101
103
103
102
106
103
104
103
102
100
102
102
105
102
103
107
105
105
101
105
102
106
106
101
100
102
102
100
101
100
101
101
101
100
94
101
100
100
100
98
88
99
100
94
93
96
101
100
99
101
80
83
89
78
100
101
95
92
96
98
99
98
98
87
89
98
92
94
96
86
100
102
100
102
104
103
104
106
104
109
103
101
104
106
104
104
105
105
104
106
106
106
107
106
106
105
108
107
106
104
104
106
106
105
105
107
106
106
106
109
105
105
106
101
104
105
106
108
104
105
107
105
104
102
104
103
104
106
104
109
103
101
104
106
104
104
105
105
104
106
106
106
107
106
106
105
108
107
106
104
104
106
106
105
105
107
106
106
106
109
105
105
106
101
104
105
106
108
104
105
107
105
104
102
103
102
106
107
102
103
105
106
105
105
102
104
105
103
105
106
104
101
96
102
105
98
105
105
103
103
99
97
93
102
105
104
104
106
106
104
101
105
99
104
104
106
104
101
101
106
105
101
103
104
105
101
107
105
103
103
107
104
107
104
104
104
105
106
107
107
104
105
104
105
107
106
105
105
103
105
107
108
106
106
109
103
107
104
103
107
107
105
108
100
102
103
100
104
105
106
107
106
102
104
105
101
107
105
103
103
107
104
107
104
104
104
105
106
107
107
104
105
104
105
107
106
105
105
103
105
107
108
106
106
109
103
107
104
103
107
107
105
108
100
102
103
100
104
105
106
107
106
102
104
105
101
107
105
103
103
107
104
107
104
104
104
105
106
107
107
104
105
104
105
107
106
105
105
103
105
107
108
106
106
109
103
107
104
103
107
107
105
108
100
102
103
100
104
105
106
107
106
102
104
102
105
102
105
104
104
106
104
101
101
103
108
106
102
105
103
104
105
106
105
106
107
105
107
102
103
103
106
102
101
96
104
104
101
105
104
105
103
103
106
106
101
103
103
103
105
105
106
106
104
103
103
103
102
106
105
105
103
106
103
104
106
91
104
102
106
101
104
90
101
99
93
96
103
106
103
105
104
100
99
97
104
102
98
98
104
97
102
99
100
100
104
103
103
103
103
102
100
105
104
103
103
103
102
106
105
105
103
106
103
104
106
91
104
102
106
101
104
90
101
99
93
96
103
106
103
105
104
100
99
97
104
102
98
98
104
97
102
99
100
100
104
103
103
103
103
102
100
105
104
103
103
103
102
106
105
105
103
106
103
104
106
91
104
102
106
101
104
90
101
99
93
96
103
106
103
105
104
100
99
97
104
102
98
98
104
97
102
99
100
100
104
103
103
103
103
102
100
105
106
104
107
105
105
105
105
102
105
103
102
102
105
105
103
105
100
102
105
102
103
102
98
98
101
104
95
102
102
99
101
102
101
99
101
103
105
96
97
106
94
104
103
97
95
91
98
99
96
99
78
101
104
102
106
105
102
105
102
101
103
104
104
104
104
103
99
93
105
102
103
103
101
97
106
101
94
88
96
101
99
102
91
101
99
91
96
99
98
103
101
99
95
98
90
91
95
93
105
98
78
101
104
102
106
105
102
105
102
101
103
104
104
104
104
103
99
93
105
102
103
103
101
97
106
101
94
88
96
101
99
102
91
101
99
91
96
99
98
103
101
99
95
98
90
91
95
93
105
98
102
101
106
103
103
102
103
106
104
103
103
103
107
103
100
102
102
104
102
102
103
102
102
104
104
104
102
100
107
104
103
103
102
102
103
104
103
106
102
104
103
102
104
104
104
104
104
101
102
102
78
101
104
102
106
105
102
105
102
101
103
104
104
104
104
103
99
93
105
102
103
103
101
97
106
101
94
88
96
101
99
102
91
101
99
91
96
99
98
103
101
99
95
98
90
91
95
93
105
98
80
101
102
104
103
104
104
106
103
103
100
103
99
91
99
99
101
100
106
103
103
105
85
92
97
101
99
104
95
91
97
104
104
100
101
98
101
93
87
103
90
96
90
83
103
100
94
96
9