cap101
3883226133
3883226133
3883226133
3883226133
cap102
3883231133
3883231133
3883231133
3883231133
cap103
3883236133
3883236133
3883236133
3883236133
cap104
3883243633
3883243633
3883243633
3883243633
cap121
4173793835
4418101261
4148374586
4148374586
cap122
4173813835
4418121261
4148394586
4148394586
cap123
4173833835
4418141261
4148414586
4148414586
cap124
4173863835
4418171261
4148444586
4148444586
cap131
3883226133
3883226133
3883226133
3883226133
cap132
3883231133
3883231133
3883231133
3883231133
cap133
3883236133
3883236133
3883236133
3883236133
cap134
3883243633
3883243633
3883243633
3883243633
cap61
4688622204
4890296677
4688622204
4688622204
cap62
4688642204
4890311677
4688642204
4688642204
cap63
4688662204
4890326677
4688662204
4688662204
cap64
4688692204
4890349177
4688692204
4688692204
cap71
4879355523
4879355523
4879355523
4879355523
cap72
4879360523
4879360523
4879360523
4879360523
cap73
4879365523
4879365523
4879365523
4879365523
cap74
4879373023
4879373023
4879373023
4879373023
cap91
4148374586
4940386772
4148374586
4148374586
cap92
4148394586
4940406772
4148394586
4148394586
cap93
4148414586
4940426772
4148414586
4148414586
cap94
4148444586
4940456772
4148444586
4148444586
capa1
616604468
710505202
612702609
589318621
capa1_1
566348091
613374623
570186712
549976173
capa1_2
532945493
598677920
534935730
516359718
capa1_3
509602864
541691102
513577238
497052205
capa1_4
481101342
496889729
481198693
472687775
capa1_5
316204084
346663578
318518233
314842128
capa1_6
NaN
NaN
NaN
NaN
capa2
550441532
580735912
552195798
548745597
capa2_1
316204084
346663578
318518233
314842128
capa3
554918982
582634700
572091272
547068228
capa3_1
316204084
346663578
318518233
314842128
capa4
554065137
582634700
558420238
551387621
capa4_1
316204084
346663578
318518233
314842128
capb1
518114657
564622116
500514331
467168515
capb1_1
255073165
299383535
253692200
252480772
capb2
558918563
672787945
544681912
526716098
capb2_1
255073165
296215543
253692200
252480772
capb3
577276828
666407496
580386791
558193999
capb3_1
255073165
296215543
253692200
252480772
capb4
568756670
582177719
560675584
538713398
capb4_1
255073165
299072924
253692200
252480772
pn56
539561
NaN
539561
539561
pn56_1
473513
476288
473513
473513
pn56_2
420850
428592
420850
420850
pn57
544361
NaN
544361
544361
pn58
555561
NaN
555561
555561
pn59
548902
NaN
548421
548421
pn60
624469
650415
625032
617133
pn61
627769
653715
628332
620433
pn62
635469
661415
636032
628133
pn63
623281
651212
632603
623281
pn64
727851
747505
731230
720930
pn65
730251
749905
733630
723330
pn66
735851
755505
739230
728930
pn67
607508
636525
617831
607508
pn68
706588
717045
702643
702643
pn69
709288
719745
705343
705343
pn69_1
659572
668074
659572
659572
pn69_2
NaN
NaN
NaN
NaN
pn70
715588
726045
711643
711643
pn71
709660
723558
709660
709660
