102
90
85
79
73
77
78
79
73
85
71
65
66
62
70
67
66
70
68
67
66
69
66
68
64
55
58
66
72
64
61
60
54
55
62
66
58
63
64
67
63
61
59
56
49
59
56
57
54
58
102
90
85
79
73
77
78
79
73
85
71
65
66
62
70
67
66
70
68
67
66
69
66
68
64
55
58
66
72
64
61
60
54
55
62
66
58
63
64
67
63
61
59
56
49
59
56
57
54
58
102
90
85
79
73
77
78
79
73
85
71
65
66
62
70
67
66
70
68
67
66
69
66
68
64
55
58
66
72
64
61
60
54
55
62
66
58
63
64
67
63
61
59
56
49
59
56
57
54
58
102
90
85
79
73
77
78
79
73
85
71
65
66
62
70
67
66
70
68
67
66
69
66
68
64
55
58
66
72
64
61
60
54
55
62
66
58
63
64
67
63
61
59
56
49
59
56
57
54
58
103
102
104
103
105
102
103
105
105
103
101
106
98
96
92
98
92
87
96
95
96
99
100
95
84
94
84
83
92
90
86
88
86
93
103
92
90
92
92
88
94
83
91
89
104
100
91
84
98
85
103
102
104
103
105
102
103
105
105
103
101
106
98
96
92
98
92
87
96
95
96
99
100
95
84
94
84
83
92
90
86
88
86
93
103
92
90
92
92
88
94
83
91
89
104
100
91
84
98
85
103
102
104
103
105
102
103
105
105
103
101
106
98
96
92
98
92
87
96
95
96
99
100
95
84
94
84
83
92
90
86
88
86
93
103
92
90
92
92
88
94
83
91
89
104
100
91
84
98
85
103
102
104
103
105
102
103
103
102
102
102
92
91
90
93
92
105
86
87
80
92
95
97
99
104
94
91
86
87
87
93
88
88
88
88
82
87
81
84
74
75
76
76
65
75
74
79
79
89
92
104
103
90
86
80
81
73
76
85
77
68
75
75
71
72
75
74
68
71
73
73
70
70
69
69
68
69
71
73
66
59
65
58
55
63
65
70
66
66
63
74
77
79
78
79
73
70
63
73
76
104
103
90
86
80
81
73
76
85
77
68
75
75
71
72
75
74
68
71
73
73
70
70
69
69
68
69
71
73
66
59
65
58
55
63
65
70
66
66
63
74
77
79
78
79
73
70
63
73
76
104
103
90
86
80
81
73
76
85
77
68
75
75
71
72
75
74
68
71
73
73
70
70
69
69
68
69
71
73
66
59
65
58
55
63
65
70
66
66
63
74
77
79
78
79
73
70
63
73
76
104
103
90
86
80
81
73
76
85
77
68
75
75
71
72
75
74
68
71
73
73
70
70
69
69
68
69
71
73
66
59
65
58
55
63
65
70
66
66
63
74
77
79
78
79
73
70
63
73
76
103
103
98
87
77
70
68
65
63
58
55
55
56
57
58
54
52
58
55
51
48
60
59
60
60
57
58
58
56
61
61
56
53
55
51
53
60
57
58
54
56
57
57
52
55
58
53
57
58
54
103
103
98
87
77
70
68
65
63
58
55
55
56
57
58
54
52
58
55
51
48
60
59
60
60
57
58
58
56
61
61
56
53
55
51
53
60
57
58
54
56
57
57
52
55
58
53
57
58
54
103
103
98
87
77
70
68
65
63
58
55
55
56
57
58
54
52
58
55
51
48
60
59
60
60
57
58
58
56
61
61
56
53
55
51
53
60
57
58
54
56
57
57
52
55
58
53
57
58
54
103
103
98
87
77
70
68
65
63
58
55
55
56
57
58
54
52
58
55
51
48
60
59
60
60
57
58
58
56
61
61
56
53
55
51
53
60
57
58
54
56
57
57
52
55
58
53
57
58
54
78
73
69
51
47
48
52
49
54
55
59
59
62
57
56
56
56
66
56
57
52
53
56
52
53
54
53
52
54
55
54
57
61
59
58
60
49
51
58
56
54
54
55
56
55
59
51
55
53
49
78
73
69
51
47
48
52
49
54
55
59
59
62
57
56
56
56
66
56
57
52
53
56
52
53
54
53
52
54
55
54
57
61
59
58
60
49
51
58
56
54
54
55
56
55
59
51
55
53
49
78
73
69
51
47
48
52
49
54
55
59
59
62
57
56
56
56
66
56
57
52
53
56
52
53
54
53
52
54
55
54
57
61
59
58
60
49
51
58
56
54
54
55
56
55
59
51
55
53
49
78
73
69
51
47
48
52
49
54
55
59
59
62
57
56
56
56
66
56
57
52
53
56
52
53
54
53
52
54
55
54
57
61
59
58
60
49
51
58
56
54
54
55
56
55
59
51
55
53
49
106
104
104
102
103
106
95
94
83
82
87
98
89
79
87
80
86
89
101
96
85
86
75
88
69
73
75
78
79
78
77
84
87
79
73
86
82
79
80
84
80
88
77
75
71
77
72
67
74
70
106
104
104
102
103
106
95
94
83
82
87
98
89
79
87
80
86
89
101
96
85
86
75
88
69
73
75
78
79
78
77
84
87
79
73
86
82
79
80
84
80
88
77
75
71
77
72
67
74
70
106
104
104
102
103
106
95
94
83
82
87
98
89
79
87
80
86
89
101
96
85
86
75
88
69
73
75
78
79
78
77
84
87
79
73
86
82
79
80
84
80
88
77
75
71
77
72
67
74
70
106
104
104
102
103
106
95
94
83
82
87
98
89
79
87
80
86
89
101
96
85
86
75
88
69
73
75
78
79
78
77
84
87
79
73
86
82
79
80
84
80
88
77
75
71
77
72
67
74
70
107
106
107
107
109
105
104
106
107
108
108
109
106
108
108
108
106
107
107
105
108
106
105
108
104
108
107
102
104
104
106
104
105
106
108
103
106
108
106
104
104
101
103
105
107
101
105
106
102
106
106
106
104
105
108
105
106
106
108
106
109
107
107
106
105
102
102
106
104
105
103
103
104
102
105
103
106
106
102
108
103
104
104
105
102
103
107
105
103
105
104
105
104
105
105
105
107
106
102
107
106
106
105
105
109
109
105
108
108
106
106
108
107
107
107
107
106
108
109
106
108
107
107
106
105
106
107
105
108
105
103
103
105
103
104
101
103
103
102
102
107
105
103
105
105
105
102
104
105
103
103
103
105
104
107
108
107
108
106
106
105
105
104
104
103
100
104
104
104
103
100
105
107
106
105
102
105
105
105
105
103
105
107
104
105
104
108
108
108
106
103
105
105
105
103
104
103
105
105
105
106
105
104
106
104
105
105
107
107
105
108
105
108
105
105
107
107
101
108
105
104
105
103
106
103
103
106
104
106
108
106
105
105
105
102
104
105
105
106
106
103
105
104
104
104
104
106
103
104
105
102
102
101
104
101
102
102
102
101
101
100
101
105
104
100
101
104
100
102
101
101
102
101
103
102
102
100
104
103
100
90
102
100
95
100
99
101
98
98
84
100
104
101
101
101
89
92
100
105
98
107
104
105
105
105
106
104
107
108
107
103
106
104
105
105
105
105
106
107
104
104
107
106
106
106
103
103
104
105
106
102
105
102
105
103
104
101
103
103
107
103
103
105
103
101
104
105
104
101
104
102
102
101
104
101
102
102
102
101
101
100
101
105
104
100
101
104
100
102
101
101
102
101
103
102
102
100
104
103
100
90
102
100
95
100
99
101
98
98
84
100
104
101
101
101
89
92
100
105
98
105
106
106
106
106
103
106
105
107
105
106
103
105
108
107
109
106
107
106
103
105
107
106
108
105
104
104
103
107
105
105
104
106
102
107
106
103
103
106
106
103
105
105
104
103
105
108
102
104
101
102
102
101
104
101
102
102
102
101
101
100
101
105
104
100
101
104
100
102
101
101
102
101
103
102
102
100
104
103
100
90
102
100
95
100
99
101
98
98
84
100
104
101
101
101
89
92
100
105
98
106
106
102
103
105
108
108
107
104
107
109
106
103
103
106
105
106
105
104
105
104
103
103
105
103
101
102
104
101
104
102
101
101
103
102
102
102
102
102
102
103
104
104
104
102
102
105
101
100
105
102
102
101
104
101
102
102
102
101
101
100
101
105
104
100
101
104
100
102
101
101
102
101
103
102
102
100
104
103
100
90
102
100
95
100
99
101
98
98
84
100
104
101
101
101
89
92
100
105
98
103
106
103
108
108
109
109
109
107
108
110
107
109
110
108
107
109
109
109
109
110
109
107
108
108
110
107
109
108
106
108
110
105
109
106
105
105
107
107
106
106
108
106
106
109
108
108
103
104
106
102
101
103
101
103
102
102
100
103
101
102
102
101
101
102
103
102
102
101
100
101
103
102
100
100
102
102
102
100
102
84
90
83
95
89
82
74
71
66
74
68
69
76
76
80
87
76
86
74
71
103
105
107
106
105
108
107
106
108
108
108
110
105
107
105
108
107
107
108
105
107
106
103
105
104
104
104
105
106
104
103
106
105
103
108
107
107
107
108
106
106
108
104
103
102
104
102
106
102
104
102
101
103
101
103
102
102
100
103
101
102
102
101
101
102
103
102
102
101
100
101
103
102
100
100
102
102
102
100
102
84
90
83
95
89
82
74
71
66
74
68
69
76
76
80
87
76
86
74
71
106
105
104
107
108
106
108
109
110
108
107
107
108
109
106
107
106
107
109
106
107
108
103
107
105
107
106
105
103
106
107
103
106
107
105
105
104
104
106
105
104
103
105
102
105
105
103
104
106
107
102
101
103
101
103
102
102
100
103
101
102
102
101
101
102
103
102
102
101
100
101
103
102
100
100
102
102
102
100
102
84
90
83
95
89
82
74
71
66
74
68
69
76
76
80
87
76
86
74
71
103
103
105
108
109
108
106
109
109
108
108
105
105
107
106
107
108
105
106
106
104
109
104
102
106
106
105
107
104
105
101
102
103
106
103
102
105
104
106
104
105
104
106
104
105
106
107
105
105
104
102
101
103
101
103
102
102
100
103
101
102
102
101
101
102
103
102
102
101
100
101
103
102
100
100
102
102
102
100
102
84
90
83
95
89
82
74
71
66
74
68
69
76
76
80
87
76
86
74
71
104
102
106
107
106
104
105
106
106
109
107
105
105
104
104
106
101
106
108
102
104
102
103
103
103
104
101
99
102
99
102
102
100
101
97
104
96
92
93
104
104
103
106
103
103
102
103
104
101
104
100
102
103
104
104
106
105
108
101
103
105
104
105
103
106
106
105
102
104
102
101
103
103
103
103
104
102
101
105
103
102
104
102
103
106
105
106
102
102
105
103
107
103
103
102
107
103
103
102
103
101
101
101
101
100
100
100
91
96
101
95
82
91
97
100
93
97
100
93
92
93
94
78
80
90
80
91
90
83
82
91
86
94
87
91
84
89
98
92
89
84
98
98
80
81
95
87
82
85
84
104
102
106
107
106
104
105
106
106
109
107
105
105
104
104
106
101
106
108
102
104
102
103
103
103
104
101
99
102
99
102
102
100
101
97
104
96
92
93
104
104
103
106
103
103
102
103
104
101
104
104
102
106
107
106
104
105
106
106
109
107
105
105
104
104
106
101
106
108
102
104
102
103
103
103
104
101
99
102
99
102
102
100
101
97
104
96
92
93
104
104
103
106
103
103
102
103
104
101
104
104
104
105
106
106
104
108
106
105
104
107
107
103
107
107
106
106
107
105
104
105
104
106
108
103
105
108
104
108
107
104
107
107
106
107
105
105
102
107
102
108
107
106
102
106
106
106
106
105
106
103
103
105
103
102
105
104
106
104
103
108
103
103
106
104
105
103
105
105
104
104
106
106
105
105
104
103
101
102
103
103
106
103
105
103
104
104
105
103
107
104
101
104
103
103
103
104
105
103
105
103
103
105
103
102
105
104
106
104
103
108
103
103
106
104
105
103
105
105
104
104
106
106
105
105
104
103
101
102
103
103
106
103
105
103
104
104
105
103
107
104
101
104
103
103
103
104
105
103
105
103
103
105
103
102
105
104
106
104
103
108
103
103
106
104
105
103
105
105
104
104
106
106
105
105
104
103
101
102
103
103
106
103
105
103
104
104
105
103
107
104
101
104
103
103
103
104
105
103
105
102
102
104
104
103
104
104
105
104
107
108
104
103
103
105
105
102
104
105
106
104
105
105
107
104
106
106
104
107
104
106
104
105
105
107
106
105
105
101
106
104
107
107
103
104
102
106
106
106
105
102
105
105
107
108
104
106
105
108
105
106
106
105
103
104
109
107
107
103
100
106
104
104
107
104
105
107
107
105
108
106
105
110
108
108
103
105
102
106
107
109
107
104
106
106
106
106
92
96
99
102
105
105
107
108
104
106
105
108
105
106
106
105
103
104
109
107
107
103
100
106
104
104
107
104
105
107
107
105
108
106
105
110
108
108
103
105
102
106
107
109
107
104
106
106
106
106
92
96
99
102
105
105
107
108
104
106
105
108
105
106
106
105
103
104
109
107
107
103
100
106
104
104
107
104
105
107
107
105
108
106
105
110
108
108
103
105
102
106
107
109
107
104
106
106
106
106
92
96
99
104
104
107
104
103
104
103
102
104
106
104
107
106
105
103
104
102
105
105
97
100
99
103
103
104
102
104
102
103
105
104
95
104
102
105
107
106
107
103
102
105
103
102
93
104
104
96
104
105
103
70
101
103
102
102
101
101
104
103
104
99
102
102
95
94
92
103
99
93
94
88
91
98
95
100
97
88
85
92
93
90
83
86
93
87
93
95
96
91
98
102
94
97
88
92
96
94
94
94
102
70
101
103
102
102
101
101
104
103
104
99
102
102
95
94
92
103
99
93
94
88
91
98
95
100
97
88
85
92
93
90
83
86
93
87
93
95
96
91
98
102
94
97
88
92
96
94
94
94
102
102
101
104
102
104
101
104
102
103
104
105
104
102
103
101
104
101
101
105
103
103
103
102
103
101
105
102
103
103
102
105
105
104
103
107
104
101
103
103
104
104
100
103
101
104
102
102
101
103
101
70
101
103
102
102
101
101
104
103
104
99
102
102
95
94
92
103
99
93
94
88
91
98
95
100
97
88
85
92
93
90
83
86
93
87
93
95
96
91
98
102
94
97
88
92
96
94
94
94
102
70
101
101
104
103
105
102
104
103
104
105
102
101
103
102
100
103
100
96
103
96
85
97
90
90
83
88
95
102
101
104
94
92
94
95
87
81
87
97
94
99
100
95
87
86
87
82
99
97
94