cap101
3883226133
3883226133
3883226133
3883226133
cap102
3883231133
3883231133
3883231133
3883231133
cap103
3883236133
3883236133
3883236133
3883236133
cap104
3883243633
3883243633
3883243633
3883243633
cap121
4148374586
4511497870
4173793835
4148374586
cap122
4148394586
4511517870
4173813835
4148394586
cap123
4148414586
4511537870
4173833835
4148414586
cap124
4148444586
4511567870
4173863835
4148444586
cap131
3883226133
4638336063
3883226133
3883226133
cap132
3883231133
4638346063
3883231133
3883231133
cap133
3883236133
4638356063
3883236133
3883236133
cap134
3883243633
4638371063
3883243633
3883243633
cap61
4688622204
4843215576
4688622204
4688622204
cap62
4688642204
4843230576
4688642204
4688642204
cap63
4688662204
4843245576
4688662204
4688662204
cap64
4688692204
4843268076
4688692204
4688692204
cap71
4879355523
4879355523
4879355523
4879355523
cap72
4879360523
4879360523
4879360523
4879360523
cap73
4879365523
4879365523
4879365523
4879365523
cap74
4879373023
4879373023
4879373023
4879373023
cap91
4148374586
4296890045
4148374586
4148374586
cap92
4148394586
4296910045
4148394586
4148394586
cap93
4148414586
4296930045
4148414586
4148414586
cap94
4148444586
4296960045
4148444586
4148444586
capa1
617948766
679993384
608431545
589318621
capa1_1
556064328
617921623
552396523
548368596
capa1_2
527097525
559100804
531904710
520765029
capa1_3
504818870
527153368
504289328
496273154
capa1_4
479813515
495840531
493182112
471194673
capa1_5
316379041
361846603
318386250
314581276
capa1_6
NaN
NaN
NaN
NaN
capa2
549356336
593579079
559612063
548339457
capa2_1
316379041
361846603
318386250
314581276
capa3
559222181
601580907
559078637
548887908
capa3_1
316379041
361846603
318386250
314581276
capa4
557575490
618282271
552396523
548940398
capa4_1
316379041
361846603
318386250
314581276
capb1
517401467
578101439
503347582
482942253
capb1_1
253124427
337658867
254631748
252480772
capb2
566854603
670013690
570637787
507812214
capb2_1
253124427
356941056
254631748
252480772
capb3
590619753
662715151
564471158
551002633
capb3_1
253124427
356941056
254631748
252480772
capb4
544901163
612911409
567454944
538713398
capb4_1
253124427
335017464
254631748
252480772
pn56
545098
556867
539561
539561
pn56_1
476091
489854
473513
473513
pn56_2
420850
483345
420850
420850
pn57
549898
561667
544361
544361
pn58
561098
572867
555561
555561
pn59
551070
565778
548902
548421
pn60
624254
652946
626704
617133
pn61
627554
656246
630004
620433
pn62
635254
663946
637704
628133
pn63
623281
665888
623281
623281
pn64
720930
767834
720930
720930
pn65
723330
770234
723330
723330
pn66
728930
775834
728930
728930
pn67
607508
645040
614555
607508
pn68
713702
724368
702643
702643
pn69
716402
727068
705343
705343
pn69_1
659572
708262
659572
659572
pn69_2
NaN
NaN
NaN
NaN
pn70
722702
733368
711643
711643
pn71
720991
731274
709660
709660
