104
89
78
79
70
79
74
69
67
69
72
67
66
65
68
70
64
69
68
68
77
71
64
71
72
73
60
73
73
76
62
67
60
55
61
57
66
60
65
63
69
64
61
66
61
60
61
64
64
61
104
89
78
79
70
79
74
69
67
69
72
67
66
65
68
70
64
69
68
68
77
71
64
71
72
73
60
73
73
76
62
67
60
55
61
57
66
60
65
63
69
64
61
66
61
60
61
64
64
61
104
89
78
79
70
79
74
69
67
69
72
67
66
65
68
70
64
69
68
68
77
71
64
71
72
73
60
73
73
76
62
67
60
55
61
57
66
60
65
63
69
64
61
66
61
60
61
64
64
61
104
89
78
79
70
79
74
69
67
69
72
67
66
65
68
70
64
69
68
68
77
71
64
71
72
73
60
73
73
76
62
67
60
55
61
57
66
60
65
63
69
64
61
66
61
60
61
64
64
61
106
102
104
101
103
103
104
104
103
99
105
97
104
100
102
100
104
89
97
93
92
89
86
100
88
86
92
82
86
78
82
88
87
101
91
86
95
92
79
92
84
91
100
98
99
91
91
94
100
97
106
102
104
101
103
103
104
104
103
99
105
97
104
100
102
100
104
89
97
93
92
89
86
100
88
86
92
82
86
78
82
88
87
101
91
86
95
92
79
92
84
91
100
98
99
91
91
94
100
97
106
102
104
101
103
103
104
104
103
99
105
97
104
100
102
100
104
89
97
93
92
89
86
100
88
86
92
82
86
78
82
88
87
101
91
86
95
92
79
92
84
91
100
98
99
91
91
94
100
97
106
102
104
101
103
103
104
104
103
99
105
97
104
100
102
100
104
89
97
93
92
89
86
100
88
86
92
82
86
78
82
88
87
101
91
86
95
92
79
92
84
91
100
98
99
91
91
94
100
97
105
105
92
96
96
89
77
91
79
84
79
76
85
75
84
78
66
73
72
83
79
77
74
78
71
93
89
76
80
82
79
78
71
62
61
62
73
82
83
78
87
72
74
66
67
66
62
61
68
64
105
105
92
96
96
89
77
91
79
84
79
76
85
75
84
78
66
73
72
83
79
77
74
78
71
93
89
76
80
82
79
78
71
62
61
62
73
82
83
78
87
72
74
66
67
66
62
61
68
64
105
105
92
96
96
89
77
91
79
84
79
76
85
75
84
78
66
73
72
83
79
77
74
78
71
93
89
76
80
82
79
78
71
62
61
62
73
82
83
78
87
72
74
66
67
66
62
61
68
64
105
105
92
96
96
89
77
91
79
84
79
76
85
75
84
78
66
73
72
83
79
77
74
78
71
93
89
76
80
82
79
78
71
62
61
62
73
82
83
78
87
72
74
66
67
66
62
61
68
64
104
103
97
95
83
93
82
80
74
67
62
57
67
60
61
54
51
51
48
52
51
55
61
57
50
56
60
57
52
58
53
53
50
52
58
60
59
58
57
55
59
58
57
54
60
55
59
55
53
56
104
103
97
95
83
93
82
80
74
67
62
57
67
60
61
54
51
51
48
52
51
55
61
57
50
56
60
57
52
58
53
53
50
52
58
60
59
58
57
55
59
58
57
54
60
55
59
55
53
56
104
103
97
95
83
93
82
80
74
67
62
57
67
60
61
54
51
51
48
52
51
55
61
57
50
56
60
57
52
58
53
53
50
52
58
60
59
58
57
55
59
58
57
54
60
55
59
55
53
56
104
103
97
95
83
93
82
80
74
67
62
57
67
60
61
54
51
51
48
52
51
55
61
57
50
56
60
57
52
58
53
53
50
52
58
60
59
58
57
55
59
58
57
54
60
55
59
55
53
56
83
72
64
61
57
61
57
59
62
56
53
50
51
48
44
43
41
42
41
42
40
39
42
40
41
41
47
44
42
45
43
46
46
51
44
47
52
54
52
56
54
53
53
46
52
55
54
50
54
52
83
72
64
61
57
61
57
59
62
56
53
50
51
48
44
43
41
42
41
42
40
39
42
40
41
41
47
44
42
45
43
46
46
51
44
47
52
54
52
56
54
53
53
46
52
55
54
50
54
52
83
72
64
61
57
61
57
59
62
56
53
50
51
48
44
43
41
42
41
42
40
39
42
40
41
41
47
44
42
45
43
46
46
51
44
47
52
54
52
56
54
53
53
46
52
55
54
50
54
52
83
72
64
61
57
61
57
59
62
56
53
50
51
48
44
43
41
42
41
42
40
39
42
40
41
41
47
44
42
45
43
46
46
51
44
47
52
54
52
56
54
53
53
46
52
55
54
50
54
52
103
105
101
104
104
100
103
91
82
91
83
88
82
87
74
79
65
84
85
80
82
93
94
88
80
79
82
86
88
77
82
82
84
83
86
79
82
69
72
76
77
81
70
82
90
74
77
75
83
88
103
105
101
104
104
100
103
91
82
91
83
88
82
87
74
79
65
84
85
80
82
93
94
88
80
79
82
86
88
77
82
82
84
83
86
79
82
69
72
76
77
81
70
82
90
74
77
75
83
88
103
105
101
104
104
100
103
91
82
91
83
88
82
87
74
79
65
84
85
80
82
93
94
88
80
79
82
86
88
77
82
82
84
83
86
79
82
69
72
76
77
81
70
82
90
74
77
75
83
88
103
105
101
104
104
100
103
91
82
91
83
88
82
87
74
79
65
84
85
80
82
93
94
88
80
79
82
86
88
77
82
82
84
83
86
79
82
69
72
76
77
81
70
82
90
74
77
75
83
88
106
102
105
109
106
108
108
108
108
109
108
110
108
107
108
109
109
109
107
106
109
106
107
106
107
104
106
105
108
109
106
108
107
107
107
107
108
109
108
106
108
107
107
107
107
107
106
110
108
108
105
106
104
109
107
107
108
106
105
108
107
108
109
107
106
107
106
105
107
104
108
107
104
102
106
106
103
102
103
105
103
102
103
103
103
104
105
104
100
106
103
106
104
104
105
104
105
105
103
106
105
106
105
105
106
106
107
108
108
106
105
103
106
105
105
104
106
104
105
102
104
106
103
102
104
105
107
105
106
107
105
106
103
107
107
104
103
105
106
103
103
102
103
103
104
103
105
106
107
104
105
104
107
107
107
102
104
105
104
106
109
110
107
108
107
108
104
104
108
104
106
102
105
104
106
106
108
105
105
105
105
105
102
103
103
105
108
105
106
102
104
102
104
104
101
101
102
104
103
105
104
104
107
102
105
105
105
107
105
109
106
107
105
109
106
104
105
108
106
105
106
104
103
107
109
104
103
105
104
104
105
105
104
103
105
105
103
106
104
104
106
105
104
105
104
104
104
104
107
105
104
104
100
101
102
102
103
104
102
102
103
101
100
101
104
104
103
101
102
103
103
101
101
102
102
100
100
100
94
101
96
96
99
100
100
99
92
100
98
96
96
97
85
74
65
81
69
70
74
69
104
105
105
106
105
107
108
105
107
108
107
105
103
109
109
105
106
107
108
108
109
109
106
106
109
106
108
106
106
108
106
104
106
105
106
105
103
105
105
107
105
104
103
104
106
105
104
103
106
106
104
104
100
101
102
102
103
104
102
102
103
101
100
101
104
104
103
101
102
103
103
101
101
102
102
100
100
100
94
101
96
96
99
100
100
99
92
100
98
96
96
97
85
74
65
81
69
70
74
69
105
105
105
107
105
109
108
107
106
108
108
105
107
105
105
105
107
106
103
105
107
102
104
105
100
104
102
105
105
103
101
103
104
105
103
104
102
102
101
103
102
103
102
102
102
103
104
103
104
102
104
104
100
101
102
102
103
104
102
102
103
101
100
101
104
104
103
101
102
103
103
101
101
102
102
100
100
100
94
101
96
96
99
100
100
99
92
100
98
96
96
97
85
74
65
81
69
70
74
69
104
105
107
106
109
109
109
109
107
107
103
106
107
108
106
106
105
109
107
104
104
105
104
102
102
103
105
107
106
104
105
102
107
104
103
105
105
104
104
103
104
104
104
106
102
102
102
104
102
105
104
104
100
101
102
102
103
104
102
102
103
101
100
101
104
104
103
101
102
103
103
101
101
102
102
100
100
100
94
101
96
96
99
100
100
99
92
100
98
96
96
97
85
74
65
81
69
70
74
69
105
104
105
104
110
106
108
108
108
107
109
107
109
108
109
110
107
109
109
108
109
107
109
110
110
109
106
108
108
108
109
108
107
107
106
106
106
106
102
106
107
102
106
107
108
106
109
105
107
103
101
103
100
101
100
101
103
100
105
101
102
101
100
102
102
102
102
101
100
103
102
100
101
100
104
103
103
102
99
98
93
93
85
73
71
82
82
76
78
74
83
83
87
85
94
92
96
83
84
84
105
105
108
107
108
109
108
108
108
108
109
107
108
109
109
108
109
109
107
108
107
107
107
109
109
108
105
106
105
109
104
103
106
106
105
105
103
108
104
109
105
102
105
102
105
104
105
109
105
103
101
103
100
101
100
101
103
100
105
101
102
101
100
102
102
102
102
101
100
103
102
100
101
100
104
103
103
102
99
98
93
93
85
73
71
82
82
76
78
74
83
83
87
85
94
92
96
83
84
84
105
104
102
106
108
107
106
107
109
105
107
108
106
107
107
108
106
105
107
107
105
107
107
104
103
105
104
104
102
103
103
105
107
107
107
105
103
102
106
103
103
104
102
105
101
101
105
101
101
100
101
103
100
101
100
101
103
100
105
101
102
101
100
102
102
102
102
101
100
103
102
100
101
100
104
103
103
102
99
98
93
93
85
73
71
82
82
76
78
74
83
83
87
85
94
92
96
83
84
84
103
108
105
105
105
107
108
109
109
109
108
106
109
106
109
109
108
109
106
105
106
104
106
107
103
103
105
108
106
107
105
104
104
105
103
106
107
107
106
105
104
106
104
105
104
104
103
105
104
104
101
103
100
101
100
101
103
100
105
101
102
101
100
102
102
102
102
101
100
103
102
100
101
100
104
103
103
102
99
98
93
93
85
73
71
82
82
76
78
74
83
83
87
85
94
92
96
83
84
84
102
103
107
103
103
104
104
104
105
103
102
105
102
100
106
104
98
105
106
101
106
106
105
102
103
105
102
106
103
103
103
102
103
102
101
105
104
104
105
103
104
100
105
102
104
106
105
102
105
102
103
105
104
102
102
106
103
105
105
103
108
102
102
105
103
105
102
102
102
101
104
105
101
103
103
103
102
103
102
103
102
102
104
104
101
100
100
103
103
102
100
101
102
102
100
101
102
101
101
102
101
100
103
100
101
101
100
100
100
101
101
91
96
97
95
89
96
100
100
94
100
101
95
98
102
100
100
100
96
99
101
101
95
79
94
100
92
100
88
88
95
89
94
101
99
99
94
92
82
77
102
103
107
103
103
104
104
104
105
103
102
105
102
100
106
104
98
105
106
101
106
106
105
102
103
105
102
106
103
103
103
102
103
102
101
105
104
104
105
103
104
100
105
102
104
106
105
102
105
102
102
103
107
103
103
104
104
104
105
103
102
105
102
100
106
104
98
105
106
101
106
106
105
102
103
105
102
106
103
103
103
102
103
102
101
105
104
104
105
103
104
100
105
102
104
106
105
102
105
102
103
102
105
104
105
107
106
104
103
104
105
107
103
105
109
103
106
105
107
108
107
107
105
105
105
106
107
105
106
105
105
106
105
104
106
107
105
107
106
108
109
106
104
105
106
108
106
106
106
105
103
104
104
103
105
105
103
103
108
105
104
102
103
105
105
104
105
107
106
105
102
105
104
104
102
104
104
102
103
104
108
107
104
104
102
100
103
97
104
105
104
100
105
107
106
104
104
104
100
104
103
104
104
103
105
105
103
103
108
105
104
102
103
105
105
104
105
107
106
105
102
105
104
104
102
104
104
102
103
104
108
107
104
104
102
100
103
97
104
105
104
100
105
107
106
104
104
104
100
104
103
104
104
103
105
105
103
103
108
105
104
102
103
105
105
104
105
107
106
105
102
105
104
104
102
104
104
102
103
104
108
107
104
104
102
100
103
97
104
105
104
100
105
107
106
104
104
104
100
104
103
101
102
103
105
103
103
104
104
104
103
105
104
105
105
107
105
109
108
109
106
106
105
104
103
106
105
106
108
109
108
103
103
104
103
103
107
106
106
104
103
103
103
102
104
105
104
104
100
104
102
102
106
107
104
101
105
105
102
106
106
105
103
103
104
104
94
104
105
106
106
103
107
97
101
101
103
104
104
103
100
101
104
105
106
103
103
102
103
104
102
106
106
103
103
101
104
101
103
106
102
102
106
107
104
101
105
105
102
106
106
105
103
103
104
104
94
104
105
106
106
103
107
97
101
101
103
104
104
103
100
101
104
105
106
103
103
102
103
104
102
106
106
103
103
101
104
101
103
106
102
102
106
107
104
101
105
105
102
106
106
105
103
103
104
104
94
104
105
106
106
103
107
97
101
101
103
104
104
103
100
101
104
105
106
103
103
102
103
104
102
106
106
103
103
101
104
101
103
106
104
101
103
103
106
103
104
104
105
108
106
106
105
106
103
104
96
106
107
107
101
104
104
105
103
103
105
104
104
104
103
105
104
105
105
103
107
104
105
103
103
104
107
107
103
105
107
104
104
105
83
101
104
105
104
103
101
101
100
102
104
100
105
105
104
103
103
105
104
100
102
100
103
98
103
105
106
103
105
101
105
102
92
86
103
102
99
98
104
107
102
104
98
103
106
104
95
102
103
105
83
101
104
105
104
103
101
101
100
102
104
100
105
105
104
103
103
105
104
100
102
100
103
98
103
105
106
103
105
101
105
102
92
86
103
102
99
98
104
107
102
104
98
103
106
104
95
102
103
105
103
100
103
103
104
105
103
104
106
104
106
102
104
104
105
103
103
102
104
103
101
103
103
101
106
101
100
102
104
103
104
104
103
102
103
103
104
100
102
101
102
102
103
102
101
101
103
105
105
104
83
101
104
105
104
103
101
101
100
102
104
100
105
105
104
103
103
105
104
100
102
100
103
98
103
105
106
103
105
101
105
102
92
86
103
102
99
98
104
107
102
104
98
103
106
104
95
102
103
105
83
102
105
102
103
104
106
103
103
102
105
101
99
103
101
107
103
100
92
88
105
101
106
90
98
107
98
105
10