cap101
3883226133
3883226133
3883226133
3883226133
cap102
3883231133
3883231133
3883231133
3883231133
cap103
3883236133
3883236133
3883236133
3883236133
cap104
3883243633
3883243633
3883243633
3883243633
cap121
4252038822
4879117291
4210560133
4148374586
cap122
4252058822
4879132291
4210580133
4148394586
cap123
4252078822
4879147291
4210600133
4148414586
cap124
4252108822
4879169791
4210630133
4148444586
cap131
3883226133
3883226133
3883226133
3883226133
cap132
3883231133
3883231133
3883231133
3883231133
cap133
3883236133
3883236133
3883236133
3883236133
cap134
3883243633
3883243633
3883243633
3883243633
cap61
4688622204
4843215576
4688622204
4688622204
cap62
4688642204
4843230576
4688642204
4688642204
cap63
4688662204
4843245576
4688662204
4688662204
cap64
4688692204
4843268076
4688692204
4688692204
cap71
4879355523
4879355523
4879355523
4879355523
cap72
4879360523
4879360523
4879360523
4879360523
cap73
4879365523
4879365523
4879365523
4879365523
cap74
4879373023
4879373023
4879373023
4879373023
cap91
4148374586
4394889617
4148374586
4148374586
cap92
4148394586
4394909617
4148394586
4148394586
cap93
4148414586
4394929617
4148414586
4148414586
cap94
4148444586
4394959617
4148444586
4148444586
capa1
616523970
716758646
630580573
589318621
capa1_1
560488295
609404441
564680525
550504795
capa1_2
533877343
532557297
537184947
517566963
capa1_3
505853063
541068602
508906539
495862952
capa1_4
481352630
532448360
484426505
479084761
capa1_5
317745788
338489597
317129174
314581276
capa1_6
NaN
NaN
NaN
NaN
capa2
555932407
587200461
554321925
547068228
capa2_1
317745788
338489597
317129174
314581276
capa3
560937207
588775093
566775655
548774844
capa3_1
317745788
338489597
317129174
314581276
capa4
565387476
731700856
554068694
548567551
capa4_1
317745788
338489597
317129174
314581276
capb1
510917117
573581003
519371534
485146674
capb1_1
252798088
254469436
255207341
252480772
capb2
541244072
654046695
541579579
509132494
capb2_1
252798088
254469436
255207341
252480772
capb3
595325368
678736582
562303516
550750543
capb3_1
252798088
254469436
255207341
252480772
capb4
565050566
612868737
560535307
541041278
capb4_1
252798088
254469436
255207341
252480772
pn56
539561
NaN
541457
540282
pn56_1
473513
475103
475506
473513
pn56_2
420850
432168
420850
420850
pn57
544361
NaN
546257
545082
pn58
555561
NaN
557457
556282
pn59
548421
NaN
556307
548421
pn60
625032
665326
617133
623433
pn61
628332
668626
620433
626733
pn62
636032
676326
628133
634433
pn63
631608
671527
629391
623281
pn64
731230
754979
720930
720930
pn65
733630
757379
723330
723330
pn66
739230
762979
728930
728930
pn67
622286
641408
607508
607508
pn68
702643
706588
702643
702643
pn69
705343
709288
705343
705343
pn69_1
659572
665429
659572
659572
pn69_2
NaN
NaN
NaN
NaN
pn70
711643
715588
711643
711643
pn71
723654
713192
713192
709660
