103
81
77
84
82
72
87
74
73
77
73
70
75
66
57
63
60
65
68
62
66
59
62
63
53
54
57
59
64
56
58
62
62
59
59
63
62
69
60
65
66
58
60
63
61
61
58
64
68
61
103
81
77
84
82
72
87
74
73
77
73
70
75
66
57
63
60
65
68
62
66
59
62
63
53
54
57
59
64
56
58
62
62
59
59
63
62
69
60
65
66
58
60
63
61
61
58
64
68
61
103
81
77
84
82
72
87
74
73
77
73
70
75
66
57
63
60
65
68
62
66
59
62
63
53
54
57
59
64
56
58
62
62
59
59
63
62
69
60
65
66
58
60
63
61
61
58
64
68
61
103
81
77
84
82
72
87
74
73
77
73
70
75
66
57
63
60
65
68
62
66
59
62
63
53
54
57
59
64
56
58
62
62
59
59
63
62
69
60
65
66
58
60
63
61
61
58
64
68
61
103
106
105
103
103
102
104
103
103
103
103
90
95
103
105
103
105
103
98
87
90
90
84
90
87
89
94
87
87
103
88
90
92
87
89
87
74
71
66
76
76
72
81
79
77
83
73
79
80
76
103
106
105
103
103
102
104
103
103
103
103
90
95
103
105
103
105
103
98
87
90
90
84
90
87
89
94
87
87
103
88
90
92
87
89
87
74
71
66
76
76
72
81
79
77
83
73
79
80
76
103
106
105
103
103
102
104
103
103
103
103
90
95
103
105
103
105
103
98
87
90
90
84
90
87
89
94
87
87
103
88
90
92
87
89
87
74
71
66
76
76
72
81
79
77
83
73
79
80
76
103
106
105
103
103
102
104
103
103
103
103
90
95
103
105
103
105
103
98
87
90
90
84
90
87
89
94
87
87
103
88
90
92
87
89
87
74
71
66
76
76
72
81
79
77
83
73
79
80
76
101
104
106
90
86
85
78
75
85
77
72
78
73
74
74
79
69
63
61
58
65
64
58
60
64
65
70
63
71
69
64
65
65
65
64
62
61
64
75
67
77
75
69
69
61
63
70
67
64
70
101
104
106
90
86
85
78
75
85
77
72
78
73
74
74
79
69
63
61
58
65
64
58
60
64
65
70
63
71
69
64
65
65
65
64
62
61
64
75
67
77
75
69
69
61
63
70
67
64
70
101
104
106
90
86
85
78
75
85
77
72
78
73
74
74
79
69
63
61
58
65
64
58
60
64
65
70
63
71
69
64
65
65
65
64
62
61
64
75
67
77
75
69
69
61
63
70
67
64
70
101
104
106
90
86
85
78
75
85
77
72
78
73
74
74
79
69
63
61
58
65
64
58
60
64
65
70
63
71
69
64
65
65
65
64
62
61
64
75
67
77
75
69
69
61
63
70
67
64
70
104
103
101
89
89
76
74
65
63
66
69
54
49
53
56
60
55
53
54
62
59
57
52
58
55
57
56
57
55
54
56
56
57
59
60
62
58
57
51
49
52
54
52
51
54
58
57
51
58
58
104
103
101
89
89
76
74
65
63
66
69
54
49
53
56
60
55
53
54
62
59
57
52
58
55
57
56
57
55
54
56
56
57
59
60
62
58
57
51
49
52
54
52
51
54
58
57
51
58
58
104
103
101
89
89
76
74
65
63
66
69
54
49
53
56
60
55
53
54
62
59
57
52
58
55
57
56
57
55
54
56
56
57
59
60
62
58
57
51
49
52
54
52
51
54
58
57
51
58
58
104
103
101
89
89
76
74
65
63
66
69
54
49
53
56
60
55
53
54
62
59
57
52
58
55
57
56
57
55
54
56
56
57
59
60
62
58
57
51
49
52
54
52
51
54
58
57
51
58
58
78
70
66
63
70
71
71
62
58
61
59
58
50
52
49
49
46
47
49
46
47
40
42
41
41
42
43
41
41
48
50
46
49
50
48
54
45
48
43
46
47
44
48
50
47
45
45
45
47
41
78
70
66
63
70
71
71
62
58
61
59
58
50
52
49
49
46
47
49
46
47
40
42
41
41
42
43
41
41
48
50
46
49
50
48
54
45
48
43
46
47
44
48
50
47
45
45
45
47
41
78
70
66
63
70
71
71
62
58
61
59
58
50
52
49
49
46
47
49
46
47
40
42
41
41
42
43
41
41
48
50
46
49
50
48
54
45
48
43
46
47
44
48
50
47
45
45
45
47
41
78
70
66
63
70
71
71
62
58
61
59
58
50
52
49
49
46
47
49
46
47
40
42
41
41
42
43
41
41
48
50
46
49
50
48
54
45
48
43
46
47
44
48
50
47
45
45
45
47
41
103
100
106
104
103
106
102
99
101
97
92
101
98
93
96
95
89
77
86
70
80
83
83
102
95
84
88
75
82
78
88
78
94
89
85
76
85
83
96
86
81
82
84
71
79
82
84
72
79
80
103
100
106
104
103
106
102
99
101
97
92
101
98
93
96
95
89
77
86
70
80
83
83
102
95
84
88
75
82
78
88
78
94
89
85
76
85
83
96
86
81
82
84
71
79
82
84
72
79
80
103
100
106
104
103
106
102
99
101
97
92
101
98
93
96
95
89
77
86
70
80
83
83
102
95
84
88
75
82
78
88
78
94
89
85
76
85
83
96
86
81
82
84
71
79
82
84
72
79
80
103
100
106
104
103
106
102
99
101
97
92
101
98
93
96
95
89
77
86
70
80
83
83
102
95
84
88
75
82
78
88
78
94
89
85
76
85
83
96
86
81
82
84
71
79
82
84
72
79
80
105
106
107
109
109
104
106
109
105
106
109
105
106
105
108
107
108
109
109
107
107
107
105
109
109
110
110
109
108
109
106
108
105
108
108
106
108
105
105
106
108
105
105
104
103
106
106
106
103
106
104
108
105
109
105
107
108
106
107
106
109
107
107
106
108
107
106
104
108
106
106
106
107
105
104
104
108
107
107
103
105
105
107
105
106
105
106
106
108
106
106
105
104
105
108
106
106
108
104
107
102
104
108
106
107
106
108
109
106
105
107
103
107
104
104
108
102
102
107
106
103
107
103
103
102
101
103
107
105
103
105
106
105
105
105
105
104
104
104
103
102
103
102
103
104
105
105
104
104
106
105
104
103
108
107
107
106
104
105
104
104
109
102
103
105
102
104
105
104
105
106
105
104
102
106
104
107
107
106
105
104
105
105
104
102
105
103
103
104
105
106
103
105
105
104
103
105
103
103
101
104
106
106
106
108
106
107
106
108
108
106
108
108
107
106
105
106
107
105
107
108
104
105
103
103
104
105
104
106
105
103
107
106
106
106
101
103
104
105
104
104
103
105
102
104
103
105
103
103
103
104
100
100
101
102
101
104
103
105
101
101
102
101
103
100
100
103
100
100
100
102
102
103
103
103
100
101
103
100
102
102
100
101
100
90
100
97
92
97
98
101
84
89
85
92
101
98
100
98
96
103
108
105
105
106
106
108
107
108
107
107
104
103
104
103
107
104
103
106
104
105
101
104
106
103
104
102
105
105
102
105
104
105
102
102
102
103
106
104
104
106
103
103
103
103
105
101
103
103
103
104
100
100
101
102
101
104
103
105
101
101
102
101
103
100
100
103
100
100
100
102
102
103
103
103
100
101
103
100
102
102
100
101
100
90
100
97
92
97
98
101
84
89
85
92
101
98
100
98
96
104
106
105
103
108
108
105
107
108
107
106
108
104
109
105
107
106
107
107
107
108
107
105
109
105
106
103
106
106
104
105
106
104
105
108
105
104
104
108
105
103
102
107
106
105
106
106
105
103
103
104
100
100
101
102
101
104
103
105
101
101
102
101
103
100
100
103
100
100
100
102
102
103
103
103
100
101
103
100
102
102
100
101
100
90
100
97
92
97
98
101
84
89
85
92
101
98
100
98
96
105
104
104
105
107
107
104
105
106
108
107
108
107
108
106
107
106
106
107
109
106
107
108
107
106
107
106
106
105
106
106
105
106
106
108
107
106
104
107
104
105
106
105
103
102
102
105
102
106
107
104
100
100
101
102
101
104
103
105
101
101
102
101
103
100
100
103
100
100
100
102
102
103
103
103
100
101
103
100
102
102
100
101
100
90
100
97
92
97
98
101
84
89
85
92
101
98
100
98
96
106
104
108
106
108
107
109
108
108
108
107
110
107
110
108
107
108
109
110
108
108
108
108
109
106
109
109
110
109
106
106
106
107
105
106
107
106
107
110
105
107
105
108
105
108
103
105
106
108
106
102
102
104
103
102
103
101
100
100
102
101
104
103
102
102
102
102
100
102
101
103
101
101
100
101
101
101
103
91
88
84
82
69
76
66
63
55
62
65
64
58
58
66
61
53
56
61
64
54
51
102
105
107
107
108
107
107
106
109
109
108
109
107
108
106
106
105
108
107
107
105
106
108
109
106
108
107
106
105
108
105
103
103
107
107
103
106
106
108
106
105
104
105
105
102
104
104
102
102
105
102
102
104
103
102
103
101
100
100
102
101
104
103
102
102
102
102
100
102
101
103
101
101
100
101
101
101
103
91
88
84
82
69
76
66
63
55
62
65
64
58
58
66
61
53
56
61
64
54
51
103
105
108
108
108
106
108
110
108
108
108
107
108
108
109
108
107
108
108
106
108
108
104
106
107
107
106
107
107
106
106
107
108
107
106
107
107
107
107
109
104
108
108
109
107
108
109
109
110
108
102
102
104
103
102
103
101
100
100
102
101
104
103
102
102
102
102
100
102
101
103
101
101
100
101
101
101
103
91
88
84
82
69
76
66
63
55
62
65
64
58
58
66
61
53
56
61
64
54
51
103
104
107
104
106
107
104
107
107
108
106
107
110
106
106
106
106
107
104
105
106
106
106
106
107
104
105
105
104
106
109
105
109
103
105
105
104
106
104
105
103
106
109
107
105
105
106
104
108
106
102
102
104
103
102
103
101
100
100
102
101
104
103
102
102
102
102
100
102
101
103
101
101
100
101
101
101
103
91
88
84
82
69
76
66
63
55
62
65
64
58
58
66
61
53
56
61
64
54
51
102
104
106
106
102
107
105
104
106
105
108
106
105
105
107
106
105
104
108
106
107
106
105
106
105
106
107
106
106
98
104
106
107
105
107
106
105
104
106
107
107
107
106
108
107
106
107
106
107
106
100
103
101
105
102
104
102
103
104
108
103
105
100
103
104
105
104
104
103
105
105
102
103
103
105
105
106
107
104
103
103
103
105
106
105
103
104
104
105
106
104
103
101
106
107
104
102
103
106
104
100
102
101
102
100
101
101
100
88
100
102
96
92
86
79
99
100
100
94
93
95
90
92
94
87
81
78
84
89
83
96
99
91
84
86
92
88
91
75
82
94
94
79
91
81
80
73
79
67
89
102
104
106
106
102
107
105
104
106
105
108
106
105
105
107
106
105
104
108
106
107
106
105
106
105
106
107
106
106
98
104
106
107
105
107
106
105
104
106
107
107
107
106
108
107
106
107
106
107
106
102
104
106
106
102
107
105
104
106
105
108
106
105
105
107
106
105
104
108
106
107
106
105
106
105
106
107
106
106
98
104
106
107
105
107
106
105
104
106
107
107
107
106
108
107
106
107
106
107
106
103
103
103
107
107
106
105
106
104
107
107
103
105
108
107
106
106
107
106
107
108
107
106
106
104
106
108
107
105
104
106
108
105
106
103
106
106
104
105
105
107
104
103
102
105
106
104
107
104
106
103
103
106
104
106
105
108
105
104
104
104
104
106
105
108
104
107
108
106
106
104
107
106
103
106
103
103
107
104
98
105
104
104
104
106
102
103
95
103
100
105
105
105
104
105
106
104
102
105
104
103
103
106
104
106
105
108
105
104
104
104
104
106
105
108
104
107
108
106
106
104
107
106
103
106
103
103
107
104
98
105
104
104
104
106
102
103
95
103
100
105
105
105
104
105
106
104
102
105
104
103
103
106
104
106
105
108
105
104
104
104
104
106
105
108
104
107
108
106
106
104
107
106
103
106
103
103
107
104
98
105
104
104
104
106
102
103
95
103
100
105
105
105
104
105
106
104
102
105
104
106
103
102
106
104
102
106
104
103
101
102
106
103
106
103
104
103
104
94
98
98
97
105
100
101
101
103
105
104
106
106
105
106
105
104
104
95
105
98
100
107
106
101
105
103
95
102
105
100
102
101
105
103
104
104
104
102
104
104
105
104
103
102
104
102
100
103
104
102
100
101
96
102
103
99
98
103
91
100
103
98
102
92
105
103
97
102
101
100
95
85
98
104
100
92
96
94
100
96
97
101
105
103
104
104
104
102
104
104
105
104
103
102
104
102
100
103
104
102
100
101
96
102
103
99
98
103
91
100
103
98
102
92
105
103
97
102
101
100
95
85
98
104
100
92
96
94
100
96
97
101
105
103
104
104
104
102
104
104
105
104
103
102
104
102
100
103
104
102
100
101
96
102
103
99
98
103
91
100
103
98
102
92
105
103
97
102
101
100
95
85
98
104
100
92
96
94
100
96
97
104
104
106
105
101
107
104
104
105
105
105
104
103
104
102
101
104
107
103
105
100
101
105
105
103
104
103
104
103
104
104
105
103
105
103
106
104
102
104
102
101
101
100
100
104
103
106
97
101
105
89
102
104
104
101
105
103
102
97
103
103
103
101
101
92
103
103
102
99
102
107
95
90
102
101
103
102
103
105
103
93
99
99
93
103
100
94
97
92
95
104
100
96
102
102
102
102
106
104
106
89
102
104
104
101
105
103
102
97
103
103
103
101
101
92
103
103
102
99
102
107
95
90
102
101
103
102
103
105
103
93
99
99
93
103
100
94
97
92
95
104
100
96
102
102
102
102
106
104
106
102
100
104
104
105
102
107
103
105
105
103
102
103
102
103
103
106
108
107
105
102
103
101
106
103
104
104
106
105
102
102
102
103
105
100
103
101
105
103
104
103
106
105
103
103
104
102
102
106
101
89
102
104
104
101
105
103
102
97
103
103
103
101
101
92
103
103
102
99
102
107
95
90
102
101
103
102
103
105
103
93
99
99
93
103
100
94
97
92
95
104
100
96
102
102
102
102
106
104
106
89
100
103
106
103
103
104
105
106
105
104
104
104
101
106
102
102
105
105
104
106
100
100
105
101
106
105
102
104
102
102
105
102
105
97
105
97