cap101
3883226133
3883226133
3883226133
3883226133
cap102
3883231133
3883231133
3883231133
3883231133
cap103
3883236133
3883236133
3883236133
3883236133
cap104
3883243633
3883243633
3883243633
3883243633
cap121
4148374586
4674936210
4173793835
4148374586
cap122
4148394586
4674956210
4173813835
4148394586
cap123
4148414586
4674976210
4173833835
4148414586
cap124
4148444586
4675006210
4173863835
4148444586
cap131
3883226133
3883226133
3883226133
3883226133
cap132
3883231133
3883231133
3883231133
3883231133
cap133
3883236133
3883236133
3883236133
3883236133
cap134
3883243633
3883243633
3883243633
3883243633
cap61
4688622204
4688622204
4688622204
4688622204
cap62
4688642204
4688642204
4688642204
4688642204
cap63
4688662204
4688662204
4688662204
4688662204
cap64
4688692204
4688692204
4688692204
4688692204
cap71
4879355523
4879355523
4879355523
4879355523
cap72
4879360523
4879360523
4879360523
4879360523
cap73
4879365523
4879365523
4879365523
4879365523
cap74
4879373023
4879373023
4879373023
4879373023
cap91
4148374586
4232019267
4148374586
4148374586
cap92
4148394586
4232034267
4148394586
4148394586
cap93
4148414586
4232049267
4148414586
4148414586
cap94
4148444586
4232071767
4148444586
4148444586
capa1
624594911
704071809
605979906
589318621
capa1_1
576119217
604386053
581255045
547800584
capa1_2
535104604
572474201
521502900
516603786
capa1_3
501405046
535563857
502488920
497954353
capa1_4
490641262
535607397
490244775
474970440
capa1_5
317369540
336000172
316514490
314581276
capa1_6
NaN
NaN
NaN
NaN
capa2
555874614
576571507
554315918
547068228
capa2_1
317369540
336000172
316514490
314581276
capa3
564125142
576571507
556179966
548368596
capa3_1
317369540
336000172
316514490
314581276
capa4
563506100
576571507
561441200
547068228
capa4_1
317369540
336000172
316514490
314581276
capb1
503692773
570003463
501873408
471812849
capb1_1
253509655
315679841
256084456
252674460
capb2
515173729
638981779
574141711
530656764
capb2_1
253509655
293615151
256084456
252674460
capb3
593758349
632426679
578055592
551712110
capb3_1
253509655
293615151
256084456
252674460
capb4
569149873
586731182
554252546
538804879
capb4_1
253509655
303013407
256084456
252674460
pn56
545098
549417
545098
539561
pn56_1
473513
476901
473513
473513
pn56_2
420850
455267
420850
420850
pn57
549898
554217
549898
544361
pn58
561098
565417
561098
555561
pn59
551070
576737
548902
548421
pn60
625687
633944
627795
617133
pn61
628987
637244
631095
620433
pn62
636687
644944
638795
628133
pn63
623281
640023
629391
623281
pn64
733793
758984
725357
720930
pn65
736193
761384
727757
723330
pn66
741793
766984
733357
728930
pn67
620144
641503
607508
607508
pn68
706588
714580
706588
702643
pn69
709288
717280
709288
705343
pn69_1
659572
699686
662448
659572
pn69_2
NaN
NaN
NaN
NaN
pn70
715588
723580
715588
711643
pn71
709660
721432
709660
709660
