96
103
95
89
86
88
83
70
70
68
60
66
66
69
69
70
59
55
61
65
59
64
67
69
64
62
70
70
67
64
75
66
64
59
57
51
58
58
61
58
59
50
60
57
67
59
63
61
64
68
96
103
95
89
86
88
83
70
70
68
60
66
66
69
69
70
59
55
61
65
59
64
67
69
64
62
70
70
67
64
75
66
64
59
57
51
58
58
61
58
59
50
60
57
67
59
63
61
64
68
96
103
95
89
86
88
83
70
70
68
60
66
66
69
69
70
59
55
61
65
59
64
67
69
64
62
70
70
67
64
75
66
64
59
57
51
58
58
61
58
59
50
60
57
67
59
63
61
64
68
96
103
95
89
86
88
83
70
70
68
60
66
66
69
69
70
59
55
61
65
59
64
67
69
64
62
70
70
67
64
75
66
64
59
57
51
58
58
61
58
59
50
60
57
67
59
63
61
64
68
103
102
105
105
106
101
106
104
105
100
105
103
87
94
89
100
100
95
90
91
90
101
94
85
87
93
91
104
101
106
86
81
85
82
82
91
87
92
89
91
98
97
89
102
95
99
79
95
96
94
103
102
105
105
106
101
106
104
105
100
105
103
87
94
89
100
100
95
90
91
90
101
94
85
87
93
91
104
101
106
86
81
85
82
82
91
87
92
89
91
98
97
89
102
95
99
79
95
96
94
103
102
105
105
106
101
106
104
105
100
105
103
87
94
89
100
100
95
90
91
90
101
94
85
87
93
91
104
101
106
86
81
85
82
82
91
87
92
89
91
98
97
89
102
95
99
79
95
96
94
103
102
105
105
106
101
106
104
105
100
105
103
87
94
89
100
100
95
90
91
90
101
94
85
87
93
91
104
101
106
86
81
85
82
80
90
95
97
97
91
86
89
80
86
87
93
94
90
90
92
102
102
101
87
84
77
88
87
86
81
84
75
72
69
73
69
62
70
72
74
78
75
75
77
79
70
78
81
75
81
76
76
79
73
79
77
80
68
57
67
68
66
73
69
67
65
61
68
74
65
102
102
101
87
84
77
88
87
86
81
84
75
72
69
73
69
62
70
72
74
78
75
75
77
79
70
78
81
75
81
76
76
79
73
79
77
80
68
57
67
68
66
73
69
67
65
61
68
74
65
102
102
101
87
84
77
88
87
86
81
84
75
72
69
73
69
62
70
72
74
78
75
75
77
79
70
78
81
75
81
76
76
79
73
79
77
80
68
57
67
68
66
73
69
67
65
61
68
74
65
102
102
101
87
84
77
88
87
86
81
84
75
72
69
73
69
62
70
72
74
78
75
75
77
79
70
78
81
75
81
76
76
79
73
79
77
80
68
57
67
68
66
73
69
67
65
61
68
74
65
102
103
105
103
86
89
73
65
64
62
62
58
56
58
59
52
58
59
54
57
57
52
56
56
57
55
58
56
57
55
57
54
50
55
57
56
57
59
57
51
53
53
54
54
57
48
57
59
58
51
102
103
105
103
86
89
73
65
64
62
62
58
56
58
59
52
58
59
54
57
57
52
56
56
57
55
58
56
57
55
57
54
50
55
57
56
57
59
57
51
53
53
54
54
57
48
57
59
58
51
102
103
105
103
86
89
73
65
64
62
62
58
56
58
59
52
58
59
54
57
57
52
56
56
57
55
58
56
57
55
57
54
50
55
57
56
57
59
57
51
53
53
54
54
57
48
57
59
58
51
102
103
105
103
86
89
73
65
64
62
62
58
56
58
59
52
58
59
54
57
57
52
56
56
57
55
58
56
57
55
57
54
50
55
57
56
57
59
57
51
53
53
54
54
57
48
57
59
58
51
81
72
58
53
53
53
56
57
55
55
54
55
59
57
54
55
56
51
55
52
51
52
60
52
49
49
53
47
46
53
58
57
50
53
56
53
54
49
52
53
53
55
56
53
53
50
54
55
49
59
81
72
58
53
53
53
56
57
55
55
54
55
59
57
54
55
56
51
55
52
51
52
60
52
49
49
53
47
46
53
58
57
50
53
56
53
54
49
52
53
53
55
56
53
53
50
54
55
49
59
81
72
58
53
53
53
56
57
55
55
54
55
59
57
54
55
56
51
55
52
51
52
60
52
49
49
53
47
46
53
58
57
50
53
56
53
54
49
52
53
53
55
56
53
53
50
54
55
49
59
81
72
58
53
53
53
56
57
55
55
54
55
59
57
54
55
56
51
55
52
51
52
60
52
49
49
53
47
46
53
58
57
50
53
56
53
54
49
52
53
53
55
56
53
53
50
54
55
49
59
103
102
104
102
105
100
87
98
101
87
87
85
91
83
81
85
92
94
97
103
91
92
84
99
94
93
93
90
86
95
87
99
86
83
80
86
78
83
81
93
93
94
97
92
87
81
76
83
87
88
103
102
104
102
105
100
87
98
101
87
87
85
91
83
81
85
92
94
97
103
91
92
84
99
94
93
93
90
86
95
87
99
86
83
80
86
78
83
81
93
93
94
97
92
87
81
76
83
87
88
103
102
104
102
105
100
87
98
101
87
87
85
91
83
81
85
92
94
97
103
91
92
84
99
94
93
93
90
86
95
87
99
86
83
80
86
78
83
81
93
93
94
97
92
87
81
76
83
87
88
103
102
104
102
105
100
87
98
101
87
87
85
91
83
81
85
92
94
97
103
91
92
84
99
94
93
93
90
86
95
87
99
86
83
80
86
78
83
81
93
93
94
97
92
87
81
76
83
87
88
107
107
108
106
107
107
108
108
109
103
109
108
108
105
109
105
105
106
107
109
107
107
108
105
105
104
105
105
106
104
104
106
108
106
107
105
108
104
108
109
105
104
105
107
107
103
97
104
103
104
108
104
104
107
108
107
107
106
107
106
106
107
108
107
108
106
108
108
106
106
107
107
107
107
106
107
108
106
107
104
102
105
105
106
103
105
103
106
103
106
103
106
107
105
105
104
104
106
106
102
107
107
107
106
106
107
105
105
108
108
109
106
105
108
106
103
105
104
105
102
104
104
104
104
106
102
106
108
104
106
104
107
106
103
105
106
105
107
106
106
104
106
106
104
106
107
105
106
105
107
103
105
106
106
105
107
103
108
105
104
104
105
105
107
107
109
103
107
102
103
105
103
104
104
103
106
102
103
106
103
103
105
104
104
106
104
104
103
103
102
105
106
103
102
103
103
101
105
104
101
103
105
106
104
107
106
105
106
106
107
103
106
105
107
108
109
109
105
108
105
107
105
106
106
106
107
105
105
104
104
102
103
103
105
105
103
104
102
102
104
103
107
103
101
102
103
102
104
104
103
103
102
100
101
101
102
102
101
102
103
100
104
103
102
103
103
101
103
102
104
103
103
101
103
103
102
103
103
104
102
96
100
101
97
100
100
94
96
100
100
100
100
102
99
100
100
99
95
99
99
107
105
107
105
106
106
105
108
105
107
103
109
104
105
106
104
103
105
104
103
106
106
104
107
106
108
106
103
104
107
105
106
108
106
105
104
105
105
102
105
104
102
105
102
106
104
101
106
104
105
103
102
100
101
101
102
102
101
102
103
100
104
103
102
103
103
101
103
102
104
103
103
101
103
103
102
103
103
104
102
96
100
101
97
100
100
94
96
100
100
100
100
102
99
100
100
99
95
99
99
106
105
105
106
107
106
103
104
107
104
105
105
105
107
106
105
104
103
103
105
103
106
105
106
104
106
102
106
103
101
102
105
105
104
102
107
104
105
105
102
103
103
104
104
107
106
101
106
106
107
103
102
100
101
101
102
102
101
102
103
100
104
103
102
103
103
101
103
102
104
103
103
101
103
103
102
103
103
104
102
96
100
101
97
100
100
94
96
100
100
100
100
102
99
100
100
99
95
99
99
104
105
105
107
107
107
106
107
107
108
108
108
107
104
106
107
109
107
107
105
103
105
103
104
103
103
106
105
104
107
104
105
109
105
105
104
103
101
103
102
103
107
103
106
101
102
104
106
102
104
103
102
100
101
101
102
102
101
102
103
100
104
103
102
103
103
101
103
102
104
103
103
101
103
103
102
103
103
104
102
96
100
101
97
100
100
94
96
100
100
100
100
102
99
100
100
99
95
99
99
104
106
108
105
105
108
106
105
107
108
110
106
106
109
108
107
110
106
108
110
106
108
107
108
106
104
106
105
105
102
106
106
107
104
103
104
107
106
106
105
105
104
105
104
103
106
104
106
105
106
102
102
100
100
101
101
103
102
102
103
104
100
100
100
101
101
103
102
101
104
101
101
103
101
103
100
100
102
104
105
105
104
103
103
103
103
101
102
100
100
100
100
100
100
100
100
100
102
94
100
103
108
108
107
106
108
106
107
109
108
107
107
107
104
109
108
107
103
102
106
105
106
105
106
107
106
106
104
106
107
107
106
107
105
103
103
103
104
105
105
104
106
106
105
103
108
107
102
106
106
102
102
100
100
101
101
103
102
102
103
104
100
100
100
101
101
103
102
101
104
101
101
103
101
103
100
100
102
104
105
105
104
103
103
103
103
101
102
100
100
100
100
100
100
100
100
100
102
94
100
107
107
106
107
108
104
104
108
106
106
108
108
107
109
105
104
107
104
106
105
103
106
106
106
104
108
104
104
105
107
104
107
106
106
106
105
104
106
104
105
107
105
109
106
106
105
105
106
106
106
102
102
100
100
101
101
103
102
102
103
104
100
100
100
101
101
103
102
101
104
101
101
103
101
103
100
100
102
104
105
105
104
103
103
103
103
101
102
100
100
100
100
100
100
100
100
100
102
94
100
105
105
105
107
107
106
106
106
106
106
109
102
109
105
106
110
108
108
106
104
105
106
107
108
107
104
105
106
107
105
107
107
106
105
105
107
105
106
105
104
108
107
106
104
105
106
104
104
105
106
102
102
100
100
101
101
103
102
102
103
104
100
100
100
101
101
103
102
101
104
101
101
103
101
103
100
100
102
104
105
105
104
103
103
103
103
101
102
100
100
100
100
100
100
100
100
100
102
94
100
101
102
103
103
107
107
106
104
106
106
105
106
105
105
106
105
105
109
106
107
108
106
105
105
107
108
103
105
105
107
105
105
106
105
106
107
107
104
106
106
106
105
104
107
109
104
105
103
107
107
100
103
103
104
103
105
103
104
105
106
105
102
104
105
104
104
106
104
104
103
101
103
102
102
103
103
105
102
107
101
104
105
104
102
102
102
105
102
101
104
104
102
103
103
103
102
102
103
104
103
100
101
100
101
100
100
101
102
100
87
90
91
91
100
101
100
86
84
95
83
87
94
93
97
96
87
97
97
86
85
78
75
76
76
83
79
85
95
100
98
99
99
87
91
93
92
97
101
85
100
101
102
103
103
107
107
106
104
106
106
105
106
105
105
106
105
105
109
106
107
108
106
105
105
107
108
103
105
105
107
105
105
106
105
106
107
107
104
106
106
106
105
104
107
109
104
105
103
107
107
101
102
103
103
107
107
106
104
106
106
105
106
105
105
106
105
105
109
106
107
108
106
105
105
107
108
103
105
105
107
105
105
106
105
106
107
107
104
106
106
106
105
104
107
109
104
105
103
107
107
101
104
102
103
104
102
104
104
103
105
103
106
104
104
105
105
106
107
106
104
104
103
103
105
107
101
104
103
101
101
106
104
103
101
104
105
105
106
104
105
105
102
99
105
104
100
103
104
106
103
106
102
105
108
106
106
106
107
106
105
105
105
105
107
105
105
106
105
105
105
105
107
106
107
101
105
104
106
103
104
103
106
105
100
107
104
107
102
104
107
103
105
106
104
103
108
103
103
105
105
106
102
105
108
106
106
106
107
106
105
105
105
105
107
105
105
106
105
105
105
105
107
106
107
101
105
104
106
103
104
103
106
105
100
107
104
107
102
104
107
103
105
106
104
103
108
103
103
105
105
106
102
105
108
106
106
106
107
106
105
105
105
105
107
105
105
106
105
105
105
105
107
106
107
101
105
104
106
103
104
103
106
105
100
107
104
107
102
104
107
103
105
106
104
103
108
103
103
105
105
103
106
104
106
103
107
103
105
104
101
107
105
106
102
104
105
107
106
107
106
107
103
104
106
108
106
106
105
109
106
105
107
105
108
105
106
107
103
107
106
106
105
105
107
105
109
103
101
105
106
107
104
105
106
106
106
105
106
104
106
106
107
104
104
103
101
103
104
103
103
106
104
104
94
104
102
102
89
102
103
103
96
99
98
101
97
101
99
89
103
99
94
89
102
101
91
84
82
88
97
107
104
105
106
106
106
105
106
104
106
106
107
104
104
103
101
103
104
103
103
106
104
104
94
104
102
102
89
102
103
103
96
99
98
101
97
101
99
89
103
99
94
89
102
101
91
84
82
88
97
107
104
105
106
106
106
105
106
104
106
106
107
104
104
103
101
103
104
103
103
106
104
104
94
104
102
102
89
102
103
103
96
99
98
101
97
101
99
89
103
99
94
89
102
101
91
84
82
88
97
105
106
104
104
102
105
105
106
105
108
103
106
107
105
108
104
103
103
105
102
105
104
104
103
105
103
103
105
100
106
102
103
104
106
106
104
99
106
104
101
104
102
105
104
105
100
104
103
103
104
95
102
101
101
103
103
104
101
102
97
105
104
103
103
104
105
102
106
104
101
106
105
98
106
104
106
92
96
88
99
104
104
105
105
98
102
109
104
99
107
106
104
105
103
95
104
103
102
103
105
95
102
101
101
103
103
104
101
102
97
105
104
103
103
104
105
102
106
104
101
106
105
98
106
104
106
92
96
88
99
104
104
105
105
98
102
109
104
99
107
106
104
105
103
95
104
103
102
103
105
102
102
103
105
103
102
103
105
108
105
102
103
102
105
103
106
104
104
104
103
106
104
103
103
102
106
102
102
103
105
102
103
103
103
101
103
104
102
103
104
101
103
103
104
102
105
104
103
101
104
95
102
101
101
103
103
104
101
102
97
105
104
103
103
104
105
102
106
104
101
106
105
98
106
104
106
92
96
88
99
104
104
105
105
98
102
109
104
99
107
106
104
105
103
95
104
103
102
103
105
95
102
103
105
107
102
102
104
102
101
95
