cap101
3883226133
3883226133
3883226133
3883226133
cap102
3883231133
3883231133
3883231133
3883231133
cap103
3883236133
3883236133
3883236133
3883236133
cap104
3883243633
3883243633
3883243633
3883243633
cap121
4210560133
9621017312
4252038822
4148374586
cap122
4210580133
9621037312
4252058822
4148394586
cap123
4210600133
9621057312
4252078822
4148414586
cap124
4210630133
9621087312
4252108822
4148444586
cap131
3905771349
3883226133
3883226133
3883226133
cap132
3905781349
3883231133
3883231133
3883231133
cap133
3905791349
3883236133
3883236133
3883236133
cap134
3905806349
3883243633
3883243633
3883243633
cap61
4688622204
4843215576
4688622204
4688622204
cap62
4688642204
4843230576
4688642204
4688642204
cap63
4688662204
4843245576
4688662204
4688662204
cap64
4688692204
4843268076
4688692204
4688692204
cap71
4879355523
4883016507
4879355523
4879355523
cap72
4879360523
4883026507
4879360523
4879360523
cap73
4879365523
4883036507
4879365523
4879365523
cap74
4879373023
4883051507
4879373023
4879373023
cap91
4148374586
4148374586
4148374586
4148374586
cap92
4148394586
4148394586
4148394586
4148394586
cap93
4148414586
4148414586
4148414586
4148414586
cap94
4148444586
4148444586
4148444586
4148444586
capa1
625378323
710629468
622734932
592030687
capa1_1
565250334
591554126
558780829
548745597
capa1_2
530790455
578046004
531523727
518636615
capa1_3
499052334
544751178
504637173
492051928
capa1_4
483380950
485518448
493597670
475610699
capa1_5
316087159
350362624
318504887
314581276
capa1_6
NaN
NaN
NaN
NaN
capa2
561445564
591554126
561315832
548023803
capa2_1
316087159
350362624
318504887
314581276
capa3
549453980
591554126
557896075
548471970
capa3_1
316087159
350362624
318504887
314581276
capa4
558624203
591554126
555813024
547800584
capa4_1
316087159
350362624
318504887
314581276
capb1
502875783
578121205
517131482
491751028
capb1_1
252828065
325355523
254956582
252480772
capb2
559168222
612991467
543344641
507215852
capb2_1
252828065
320292523
254956582
252480772
capb3
588393493
609448038
569368621
554497508
capb3_1
252828065
320292523
254956582
252480772
capb4
556190492
836252786
555012527
540215458
capb4_1
252828065
320292523
254956582
252480772
pn56
545940
547959
542720
540282
pn56_1
473513
482723
473513
473513
pn56_2
420850
480980
420850
420850
pn57
550740
552759
547520
545082
pn58
561940
563959
558720
556282
pn59
555454
557391
551070
548421
pn60
627497
692864
625338
617133
pn61
630797
696164
628638
620433
pn62
638497
703864
636338
628133
pn63
630796
698222
629391
623281
pn64
720930
748398
720930
720930
pn65
723330
750798
723330
723330
pn66
728930
756398
728930
728930
pn67
607508
639512
607508
607508
pn68
702643
714580
702643
702643
pn69
705343
717280
705343
705343
pn69_1
659685
697246
659685
659572
pn69_2
NaN
NaN
NaN
NaN
pn70
711643
723580
711643
711643
pn71
720991
721432
709660
709660
