104
88
76
82
77
85
82
75
83
81
76
72
77
70
65
70
68
77
77
73
74
73
69
61
68
63
62
64
70
65
70
71
60
71
72
54
58
62
75
67
68
70
65
61
72
60
71
75
73
77
104
88
76
82
77
85
82
75
83
81
76
72
77
70
65
70
68
77
77
73
74
73
69
61
68
63
62
64
70
65
70
71
60
71
72
54
58
62
75
67
68
70
65
61
72
60
71
75
73
77
104
88
76
82
77
85
82
75
83
81
76
72
77
70
65
70
68
77
77
73
74
73
69
61
68
63
62
64
70
65
70
71
60
71
72
54
58
62
75
67
68
70
65
61
72
60
71
75
73
77
104
88
76
82
77
85
82
75
83
81
76
72
77
70
65
70
68
77
77
73
74
73
69
61
68
63
62
64
70
65
70
71
60
71
72
54
58
62
75
67
68
70
65
61
72
60
71
75
73
77
104
103
104
104
105
100
101
99
92
94
102
104
99
98
99
90
102
97
97
90
95
89
97
89
94
98
93
79
84
91
83
73
79
90
94
92
81
91
83
83
83
81
80
82
93
77
87
87
78
94
104
103
104
104
105
100
101
99
92
94
102
104
99
98
99
90
102
97
97
90
95
89
97
89
94
98
93
79
84
91
83
73
79
90
94
92
81
91
83
83
83
81
80
82
93
77
87
87
78
94
104
103
104
104
105
100
101
99
92
94
102
104
99
98
99
90
102
97
97
90
95
89
97
89
94
98
93
79
84
91
83
73
79
90
94
92
81
91
83
83
83
81
80
82
93
77
87
87
78
94
104
103
104
104
105
100
101
99
92
94
102
104
99
98
99
90
102
97
97
90
95
89
97
89
94
98
93
79
84
91
83
73
79
90
94
92
81
91
83
83
83
81
80
82
93
77
87
87
78
94
101
103
101
99
95
91
91
79
79
84
64
66
69
73
76
77
67
74
67
70
66
66
63
69
71
65
75
62
65
65
66
70
65
62
70
64
72
64
69
70
65
76
76
64
58
72
70
72
56
65
101
103
101
99
95
91
91
79
79
84
64
66
69
73
76
77
67
74
67
70
66
66
63
69
71
65
75
62
65
65
66
70
65
62
70
64
72
64
69
70
65
76
76
64
58
72
70
72
56
65
101
103
101
99
95
91
91
79
79
84
64
66
69
73
76
77
67
74
67
70
66
66
63
69
71
65
75
62
65
65
66
70
65
62
70
64
72
64
69
70
65
76
76
64
58
72
70
72
56
65
101
103
101
99
95
91
91
79
79
84
64
66
69
73
76
77
67
74
67
70
66
66
63
69
71
65
75
62
65
65
66
70
65
62
70
64
72
64
69
70
65
76
76
64
58
72
70
72
56
65
102
101
98
84
79
69
75
68
64
59
56
53
54
53
54
54
63
56
56
56
53
58
56
57
50
57
57
51
55
57
58
60
54
53
53
59
49
56
53
54
60
63
61
55
61
54
60
54
60
56
102
101
98
84
79
69
75
68
64
59
56
53
54
53
54
54
63
56
56
56
53
58
56
57
50
57
57
51
55
57
58
60
54
53
53
59
49
56
53
54
60
63
61
55
61
54
60
54
60
56
102
101
98
84
79
69
75
68
64
59
56
53
54
53
54
54
63
56
56
56
53
58
56
57
50
57
57
51
55
57
58
60
54
53
53
59
49
56
53
54
60
63
61
55
61
54
60
54
60
56
102
101
98
84
79
69
75
68
64
59
56
53
54
53
54
54
63
56
56
56
53
58
56
57
50
57
57
51
55
57
58
60
54
53
53
59
49
56
53
54
60
63
61
55
61
54
60
54
60
56
85
80
66
63
69
69
57
55
57
52
56
53
62
59
48
48
50
48
52
47
52
52
58
60
59
55
61
50
53
50
46
46
52
53
55
56
53
50
52
51
53
61
56
48
56
59
54
58
63
60
85
80
66
63
69
69
57
55
57
52
56
53
62
59
48
48
50
48
52
47
52
52
58
60
59
55
61
50
53
50
46
46
52
53
55
56
53
50
52
51
53
61
56
48
56
59
54
58
63
60
85
80
66
63
69
69
57
55
57
52
56
53
62
59
48
48
50
48
52
47
52
52
58
60
59
55
61
50
53
50
46
46
52
53
55
56
53
50
52
51
53
61
56
48
56
59
54
58
63
60
85
80
66
63
69
69
57
55
57
52
56
53
62
59
48
48
50
48
52
47
52
52
58
60
59
55
61
50
53
50
46
46
52
53
55
56
53
50
52
51
53
61
56
48
56
59
54
58
63
60
106
103
102
101
105
105
101
101
104
99
107
98
84
95
97
92
92
98
99
98
81
84
94
90
84
90
87
85
89
98
92
81
91
85
78
79
75
81
90
86
87
81
75
79
84
83
83
86
84
81
106
103
102
101
105
105
101
101
104
99
107
98
84
95
97
92
92
98
99
98
81
84
94
90
84
90
87
85
89
98
92
81
91
85
78
79
75
81
90
86
87
81
75
79
84
83
83
86
84
81
106
103
102
101
105
105
101
101
104
99
107
98
84
95
97
92
92
98
99
98
81
84
94
90
84
90
87
85
89
98
92
81
91
85
78
79
75
81
90
86
87
81
75
79
84
83
83
86
84
81
106
103
102
101
105
105
101
101
104
99
107
98
84
95
97
92
92
98
99
98
81
84
94
90
84
90
87
85
89
98
92
81
91
85
78
79
75
81
90
86
87
81
75
79
84
83
83
86
84
81
106
106
109
106
106
107
106
108
106
108
108
107
109
108
107
109
107
107
107
108
107
103
108
107
109
106
105
107
106
106
108
106
107
106
105
105
108
107
106
103
106
104
108
106
108
107
108
106
106
105
103
106
109
105
109
109
105
108
109
106
106
105
109
106
105
105
103
104
108
103
106
103
108
105
105
103
102
102
100
102
103
103
106
101
104
105
105
105
103
106
107
105
103
103
105
104
103
105
103
103
105
105
105
108
107
108
107
108
107
107
107
104
107
108
107
106
104
107
108
109
102
104
104
104
104
106
106
105
104
107
102
104
105
103
102
102
102
101
103
101
104
105
106
103
104
106
108
104
103
102
103
103
105
106
107
106
103
106
108
103
103
106
104
105
108
107
105
104
103
105
104
101
106
104
104
105
105
105
108
107
104
104
105
104
105
106
105
104
104
108
105
105
101
106
106
107
102
101
103
105
103
105
106
102
106
105
106
108
104
106
108
108
104
104
106
101
103
102
101
102
106
103
105
102
101
104
107
102
105
101
104
102
103
106
103
104
103
104
104
103
104
104
103
103
103
106
104
106
108
102
105
100
102
103
102
103
103
103
104
100
102
103
103
102
101
101
100
102
102
101
101
101
100
100
100
91
77
77
77
62
48
40
43
51
52
48
49
47
45
46
49
47
52
48
49
52
49
52
47
46
106
105
106
103
106
107
104
108
105
105
108
107
106
105
106
104
104
103
105
107
105
103
104
105
103
108
102
102
102
101
105
103
105
104
104
104
103
102
104
104
104
105
102
100
104
102
104
104
105
105
105
100
102
103
102
103
103
103
104
100
102
103
103
102
101
101
100
102
102
101
101
101
100
100
100
91
77
77
77
62
48
40
43
51
52
48
49
47
45
46
49
47
52
48
49
52
49
52
47
46
107
105
105
107
106
106
105
106
107
107
107
107
109
108
108
107
108
107
106
108
103
105
105
104
105
105
108
104
104
106
105
105
102
103
106
104
107
108
107
105
103
104
102
103
105
104
102
104
101
104
105
100
102
103
102
103
103
103
104
100
102
103
103
102
101
101
100
102
102
101
101
101
100
100
100
91
77
77
77
62
48
40
43
51
52
48
49
47
45
46
49
47
52
48
49
52
49
52
47
46
105
105
105
105
106
107
106
106
108
103
108
105
106
104
105
108
107
108
107
106
105
105
104
107
107
107
108
107
106
105
104
107
106
105
107
109
107
104
108
105
105
104
106
107
107
106
104
104
105
105
105
100
102
103
102
103
103
103
104
100
102
103
103
102
101
101
100
102
102
101
101
101
100
100
100
91
77
77
77
62
48
40
43
51
52
48
49
47
45
46
49
47
52
48
49
52
49
52
47
46
104
107
103
105
109
108
106
109
109
108
107
105
107
109
109
108
108
108
108
105
109
109
105
109
105
108
109
107
109
109
107
107
107
109
108
108
108
108
110
108
108
108
108
107
109
108
109
108
109
105
103
100
101
102
101
102
103
101
103
103
100
103
100
101
103
102
103
101
101
102
101
101
100
98
99
99
84
77
71
50
52
42
35
32
31
31
30
32
28
30
29
30
32
32
30
32
30
31
30
31
104
104
104
108
108
107
109
107
110
107
109
110
109
110
108
109
107
108
108
110
110
110
108
109
109
108
105
109
109
108
107
106
107
107
105
105
107
106
108
103
105
104
103
106
105
108
104
105
106
107
103
100
101
102
101
102
103
101
103
103
100
103
100
101
103
102
103
101
101
102
101
101
100
98
99
99
84
77
71
50
52
42
35
32
31
31
30
32
28
30
29
30
32
32
30
32
30
31
30
31
102
105
105
108
107
108
105
108
104
107
110
108
107
109
108
108
108
107
107
107
109
110
109
110
108
110
108
107
108
109
106
110
109
110
107
107
106
109
109
109
107
106
107
107
107
109
107
108
110
106
103
100
101
102
101
102
103
101
103
103
100
103
100
101
103
102
103
101
101
102
101
101
100
98
99
99
84
77
71
50
52
42
35
32
31
31
30
32
28
30
29
30
32
32
30
32
30
31
30
31
103
105
104
109
103
106
107
106
106
106
107
107
105
104
106
105
104
107
106
106
108
103
107
105
105
105
105
107
105
106
105
104
106
107
107
105
103
101
106
104
105
105
104
104
106
104
105
103
105
104
103
100
101
102
101
102
103
101
103
103
100
103
100
101
103
102
103
101
101
102
101
101
100
98
99
99
84
77
71
50
52
42
35
32
31
31
30
32
28
30
29
30
32
32
30
32
30
31
30
31
103
104
104
103
103
104
103
104
106
105
108
106
103
105
103
104
110
105
109
106
103
107
107
107
106
107
106
108
103
107
104
106
106
106
107
102
103
105
103
107
105
106
106
104
105
106
106
104
106
106
102
102
103
105
104
109
104
103
103
104
102
102
104
104
103
103
103
105
103
103
104
105
102
105
104
104
104
103
104
104
103
101
103
103
101
104
106
104
104
104
104
101
102
100
102
105
104
104
105
102
101
103
100
101
100
101
101
96
100
100
102
96
101
100
92
100
100
100
87
82
98
100
91
102
82
100
98
100
82
84
88
100
96
90
81
95
88
87
94
94
91
100
89
100
81
76
83
81
93
85
103
104
104
103
103
104
103
104
106
105
108
106
103
105
103
104
110
105
109
106
103
107
107
107
106
107
106
108
103
107
104
106
106
106
107
102
103
105
103
107
105
106
106
104
105
106
106
104
106
106
103
104
104
103
103
104
103
104
106
105
108
106
103
105
103
104
110
105
109
106
103
107
107
107
106
107
106
108
103
107
104
106
106
106
107
102
103
105
103
107
105
106
106
104
105
106
106
104
106
106
105
106
103
101
106
106
103
103
107
106
105
106
104
105
104
107
109
105
104
104
108
108
104
105
104
105
106
104
105
105
106
107
106
105
107
104
106
107
105
106
107
108
106
106
107
106
108
108
108
107
107
105
104
102
106
106
102
102
105
105
102
105
107
102
107
106
105
106
107
106
105
104
104
104
105
105
104
106
105
109
108
107
106
107
107
105
108
105
106
107
108
104
108
107
105
109
106
106
105
105
107
105
104
102
106
106
102
102
105
105
102
105
107
102
107
106
105
106
107
106
105
104
104
104
105
105
104
106
105
109
108
107
106
107
107
105
108
105
106
107
108
104
108
107
105
109
106
106
105
105
107
105
104
102
106
106
102
102
105
105
102
105
107
102
107
106
105
106
107
106
105
104
104
104
105
105
104
106
105
109
108
107
106
107
107
105
108
105
106
107
108
104
108
107
105
109
106
106
105
105
104
105
104
104
105
104
102
104
103
101
105
105
104
103
103
102
106
104
106
101
104
107
104
105
104
105
106
106
106
107
107
103
105
103
104
107
105
107
107
108
105
107
107
107
106
107
107
105
101
106
104
102
101
105
106
104
104
106
105
101
105
104
103
104
96
104
107
101
105
99
97
100
105
103
101
105
102
103
101
91
93
83
92
102
101
101
104
106
103
100
102
98
100
102
104
103
103
98
105
103
104
102
101
105
106
104
104
106
105
101
105
104
103
104
96
104
107
101
105
99
97
100
105
103
101
105
102
103
101
91
93
83
92
102
101
101
104
106
103
100
102
98
100
102
104
103
103
98
105
103
104
102
101
105
106
104
104
106
105
101
105
104
103
104
96
104
107
101
105
99
97
100
105
103
101
105
102
103
101
91
93
83
92
102
101
101
104
106
103
100
102
98
100
102
104
103
103
98
105
103
104
105
102
104
104
105
106
103
105
103
102
104
104
103
100
103
105
104
103
105
106
107
103
103
104
102
105
105
102
104
97
103
104
106
104
106
100
108
104
103
99
104
100
95
106
98
103
106
104
104
92
102
102
102
105
104
102
99
104
104
104
102
99
101
106
102
102
104
104
106
104
104
104
98
104
104
100
95
105
104
105
94
98
92
91
105
104