cap101
3883226133
3883226133
3883226133
3883226133
cap102
3883231133
3883231133
3883231133
3883231133
cap103
3883236133
3883236133
3883236133
3883236133
cap104
3883243633
3883243633
3883243633
3883243633
cap121
4252038822
4790399256
4173793835
4148374586
cap122
4252058822
4790419256
4173813835
4148394586
cap123
4252078822
4790439256
4173833835
4148414586
cap124
4252108822
4790469256
4173863835
4148444586
cap131
3883226133
3883226133
3883226133
3883226133
cap132
3883231133
3883231133
3883231133
3883231133
cap133
3883236133
3883236133
3883236133
3883236133
cap134
3883243633
3883243633
3883243633
3883243633
cap61
4688622204
4688622204
4688622204
4688622204
cap62
4688642204
4688642204
4688642204
4688642204
cap63
4688662204
4688662204
4688662204
4688662204
cap64
4688692204
4688692204
4688692204
4688692204
cap71
4879355523
4879355523
4879355523
4879355523
cap72
4879360523
4879360523
4879360523
4879360523
cap73
4879365523
4879365523
4879365523
4879365523
cap74
4879373023
4879373023
4879373023
4879373023
cap91
4148374586
4173793835
4148374586
4148374586
cap92
4148394586
4173813835
4148394586
4148394586
cap93
4148414586
4173833835
4148414586
4148414586
cap94
4148444586
4173863835
4148444586
4148444586
capa1
602922054
701799276
631429118
589318621
capa1_1
551166809
619063915
567919476
548745597
capa1_2
531701341
560230893
535479700
518090284
capa1_3
501981545
526854529
507861600
497560041
capa1_4
486749189
511626248
501946566
471336424
capa1_5
315195234
344455999
319796814
315053804
capa1_6
NaN
NaN
NaN
NaN
capa2
571408342
592965344
566204116
548023803
capa2_1
315195234
344455999
319796814
315053804
capa3
564826682
582158556
564161035
547068228
capa3_1
315195234
344455999
319796814
315053804
capa4
564916307
582158556
558834114
547794517
capa4_1
315195234
344455999
319796814
315053804
capb1
526472466
617377047
491955173
483179567
capb1_1
254924245
284001760
254591347
252900171
capb2
551456302
617965585
545817486
510644135
capb2_1
254924245
284001760
254591347
252900171
capb3
599790052
694299023
579673412
554220908
capb3_1
254924245
284001760
254591347
252900171
capb4
550558640
611099792
542878084
538804879
capb4_1
254924245
284001760
254591347
252900171
pn56
542720
549124
546361
539561
pn56_1
473513
475566
474860
473513
pn56_2
420850
432168
420850
420850
pn57
547520
553924
551161
544361
pn58
558720
565124
562361
555561
pn59
551070
567228
548421
548421
pn60
624254
633639
623433
617133
pn61
627554
636939
626733
620433
pn62
635254
644639
634433
628133
pn63
623281
640020
633283
623281
pn64
720930
745670
720930
720930
pn65
723330
748070
723330
723330
pn66
728930
753670
728930
728930
pn67
607508
745400
620801
607508
pn68
706588
722402
702643
702643
pn69
709288
725102
705343
705343
pn69_1
659572
704395
659572
659572
pn69_2
NaN
NaN
NaN
NaN
pn70
715588
731402
711643
711643
pn71
717141
723797
709660
709660
