102
87
84
91
80
76
77
71
75
77
70
81
69
69
58
68
69
68
73
66
59
62
67
68
62
67
66
64
64
63
67
63
62
67
66
61
57
56
56
58
59
69
69
65
56
61
60
60
60
59
102
87
84
91
80
76
77
71
75
77
70
81
69
69
58
68
69
68
73
66
59
62
67
68
62
67
66
64
64
63
67
63
62
67
66
61
57
56
56
58
59
69
69
65
56
61
60
60
60
59
102
87
84
91
80
76
77
71
75
77
70
81
69
69
58
68
69
68
73
66
59
62
67
68
62
67
66
64
64
63
67
63
62
67
66
61
57
56
56
58
59
69
69
65
56
61
60
60
60
59
102
87
84
91
80
76
77
71
75
77
70
81
69
69
58
68
69
68
73
66
59
62
67
68
62
67
66
64
64
63
67
63
62
67
66
61
57
56
56
58
59
69
69
65
56
61
60
60
60
59
103
103
103
105
104
105
104
103
102
102
99
102
96
90
84
103
97
87
91
90
86
89
97
98
84
81
81
86
97
85
81
86
82
86
93
88
85
73
88
83
87
95
75
74
83
92
85
89
78
87
103
103
103
105
104
105
104
103
102
102
99
102
96
90
84
103
97
87
91
90
86
89
97
98
84
81
81
86
97
85
81
86
82
86
93
88
85
73
88
83
87
95
75
74
83
92
85
89
78
87
103
103
103
105
104
105
104
103
102
102
99
102
96
90
84
103
97
87
91
90
86
89
97
98
84
81
81
86
97
85
81
86
82
86
93
88
85
73
88
83
87
95
75
74
83
92
85
89
78
87
103
103
103
105
104
105
104
103
102
102
99
102
96
90
84
103
97
87
91
90
86
89
97
98
84
81
81
86
97
85
81
86
82
86
93
88
85
73
88
83
87
95
75
74
83
92
85
89
78
87
103
102
88
84
84
81
78
62
62
71
82
79
82
66
67
61
62
68
74
72
74
71
72
73
72
62
69
67
73
67
57
63
67
63
64
65
64
54
62
52
54
56
64
63
64
65
67
66
69
74
103
102
88
84
84
81
78
62
62
71
82
79
82
66
67
61
62
68
74
72
74
71
72
73
72
62
69
67
73
67
57
63
67
63
64
65
64
54
62
52
54
56
64
63
64
65
67
66
69
74
103
102
88
84
84
81
78
62
62
71
82
79
82
66
67
61
62
68
74
72
74
71
72
73
72
62
69
67
73
67
57
63
67
63
64
65
64
54
62
52
54
56
64
63
64
65
67
66
69
74
103
102
88
84
84
81
78
62
62
71
82
79
82
66
67
61
62
68
74
72
74
71
72
73
72
62
69
67
73
67
57
63
67
63
64
65
64
54
62
52
54
56
64
63
64
65
67
66
69
74
104
103
98
91
70
67
58
65
59
61
55
55
55
48
57
57
58
49
55
55
56
51
51
54
55
53
58
50
54
52
59
55
56
58
55
55
52
58
60
52
52
53
52
48
61
58
61
59
58
55
104
103
98
91
70
67
58
65
59
61
55
55
55
48
57
57
58
49
55
55
56
51
51
54
55
53
58
50
54
52
59
55
56
58
55
55
52
58
60
52
52
53
52
48
61
58
61
59
58
55
104
103
98
91
70
67
58
65
59
61
55
55
55
48
57
57
58
49
55
55
56
51
51
54
55
53
58
50
54
52
59
55
56
58
55
55
52
58
60
52
52
53
52
48
61
58
61
59
58
55
104
103
98
91
70
67
58
65
59
61
55
55
55
48
57
57
58
49
55
55
56
51
51
54
55
53
58
50
54
52
59
55
56
58
55
55
52
58
60
52
52
53
52
48
61
58
61
59
58
55
80
73
73
74
64
62
67
68
63
54
58
63
62
61
56
60
63
56
60
59
59
63
48
52
52
47
49
52
52
51
50
54
57
54
55
51
58
52
49
55
56
49
52
48
54
53
57
55
51
57
80
73
73
74
64
62
67
68
63
54
58
63
62
61
56
60
63
56
60
59
59
63
48
52
52
47
49
52
52
51
50
54
57
54
55
51
58
52
49
55
56
49
52
48
54
53
57
55
51
57
80
73
73
74
64
62
67
68
63
54
58
63
62
61
56
60
63
56
60
59
59
63
48
52
52
47
49
52
52
51
50
54
57
54
55
51
58
52
49
55
56
49
52
48
54
53
57
55
51
57
80
73
73
74
64
62
67
68
63
54
58
63
62
61
56
60
63
56
60
59
59
63
48
52
52
47
49
52
52
51
50
54
57
54
55
51
58
52
49
55
56
49
52
48
54
53
57
55
51
57
104
104
103
101
103
96
93
88
93
96
99
86
80
91
84
86
84
84
89
83
83
83
78
80
79
78
76
73
81
72
87
93
77
90
88
81
79
78
76
78
74
82
88
87
76
84
87
82
84
82
104
104
103
101
103
96
93
88
93
96
99
86
80
91
84
86
84
84
89
83
83
83
78
80
79
78
76
73
81
72
87
93
77
90
88
81
79
78
76
78
74
82
88
87
76
84
87
82
84
82
104
104
103
101
103
96
93
88
93
96
99
86
80
91
84
86
84
84
89
83
83
83
78
80
79
78
76
73
81
72
87
93
77
90
88
81
79
78
76
78
74
82
88
87
76
84
87
82
84
82
104
104
103
101
103
96
93
88
93
96
99
86
80
91
84
86
84
84
89
83
83
83
78
80
79
78
76
73
81
72
87
93
77
90
88
81
79
78
76
78
74
82
88
87
76
84
87
82
84
82
105
105
107
105
107
108
108
109
110
108
107
108
106
107
105
106
106
108
105
107
106
105
104
107
108
105
107
103
107
105
103
105
103
105
105
104
103
106
107
106
105
106
107
105
106
105
102
107
106
107
105
104
107
108
109
107
106
108
106
106
107
107
106
104
106
108
105
105
105
105
106
103
105
106
106
101
106
104
105
106
105
107
102
103
103
101
102
103
104
108
105
104
106
104
103
106
105
105
105
104
105
103
105
103
106
109
106
107
110
108
107
109
107
105
103
106
107
108
104
105
103
102
109
106
105
107
105
108
105
107
107
106
106
105
104
104
104
103
108
107
107
105
107
106
105
106
108
105
106
104
104
104
102
103
105
106
107
105
107
107
106
105
107
105
102
104
104
106
107
107
107
103
104
102
103
104
104
101
106
104
104
105
104
108
104
107
106
102
104
105
103
105
102
105
103
104
103
103
105
103
105
103
105
107
106
107
108
105
109
107
104
105
108
107
106
108
107
105
106
106
105
104
106
107
105
107
104
102
103
106
105
106
106
105
107
104
108
107
106
106
105
106
107
106
107
100
103
105
105
105
103
101
104
102
100
101
102
100
100
103
102
100
102
101
103
104
105
104
103
101
102
103
102
100
102
102
102
100
101
102
101
101
101
100
104
102
101
103
101
102
101
101
102
95
103
100
92
93
95
91
103
106
103
105
104
105
106
107
107
103
103
102
107
106
107
103
104
105
107
106
105
105
107
101
105
107
105
105
107
105
101
106
105
103
107
107
106
105
105
105
104
101
101
103
101
101
104
105
102
103
103
101
104
102
100
101
102
100
100
103
102
100
102
101
103
104
105
104
103
101
102
103
102
100
102
102
102
100
101
102
101
101
101
100
104
102
101
103
101
102
101
101
102
95
103
100
92
93
95
91
103
106
105
104
103
106
105
107
107
107
107
106
107
106
107
107
103
105
108
106
106
107
109
105
107
108
106
107
106
106
106
104
106
108
108
104
105
104
104
103
103
102
102
105
104
106
103
104
104
105
103
101
104
102
100
101
102
100
100
103
102
100
102
101
103
104
105
104
103
101
102
103
102
100
102
102
102
100
101
102
101
101
101
100
104
102
101
103
101
102
101
101
102
95
103
100
92
93
95
91
105
104
104
106
105
106
104
105
107
105
108
106
106
107
103
102
104
104
105
106
104
105
104
106
104
103
103
104
105
104
107
102
104
103
105
106
102
101
106
107
103
106
104
102
103
103
103
104
107
104
103
101
104
102
100
101
102
100
100
103
102
100
102
101
103
104
105
104
103
101
102
103
102
100
102
102
102
100
101
102
101
101
101
100
104
102
101
103
101
102
101
101
102
95
103
100
92
93
95
91
104
107
109
107
106
108
110
107
109
109
107
108
108
109
109
108
106
107
110
106
110
107
106
108
108
108
105
104
103
106
107
107
105
107
107
108
108
106
106
107
106
107
105
106
104
108
108
109
105
105
102
100
100
100
101
100
103
101
101
103
102
100
101
100
101
101
101
102
100
103
105
100
103
101
101
100
102
100
100
102
100
101
101
101
85
79
82
82
89
89
89
98
81
101
97
86
93
79
84
80
103
107
106
107
109
107
109
106
106
107
108
108
107
107
108
107
109
108
108
107
106
106
107
107
108
107
107
104
107
106
109
106
107
106
108
105
109
107
107
106
107
108
108
106
105
105
106
106
103
104
103
100
102
100
102
101
103
101
102
102
105
101
102
101
102
105
100
100
103
101
102
101
102
102
103
101
88
86
97
101
101
100
103
88
90
96
89
100
101
101
94
103
94
91
85
87
86
94
91
89
104
105
106
106
109
107
108
108
104
110
106
107
107
108
108
106
108
108
110
108
107
109
107
106
110
108
109
107
108
110
106
108
108
106
109
106
104
108
108
104
104
107
105
108
103
104
105
101
103
103
103
100
102
100
102
101
103
101
102
102
105
101
102
101
102
105
100
100
103
101
102
101
102
102
103
101
88
86
97
101
101
100
103
88
90
96
89
100
101
101
94
103
94
91
85
87
86
94
91
89
108
104
108
108
106
108
106
109
106
104
108
107
108
107
108
108
107
106
103
106
104
106
102
103
105
104
104
103
104
103
103
106
105
104
104
107
103
104
106
107
102
103
103
103
102
103
103
105
103
105
103
100
102
100
102
101
103
101
102
102
105
101
102
101
102
105
100
100
103
101
102
101
102
102
103
101
88
86
97
101
101
100
103
88
90
96
89
100
101
101
94
103
94
91
85
87
86
94
91
89
102
103
106
105
102
103
103
107
106
106
108
108
105
106
104
104
105
107
108
106
107
108
109
107
105
107
105
107
106
109
106
105
104
105
105
107
107
104
105
107
105
107
106
106
105
107
108
105
106
105
101
102
105
104
103
100
101
104
103
102
104
103
104
104
101
103
103
103
104
105
106
105
103
105
102
104
105
104
105
102
101
104
104
104
106
105
106
104
105
102
102
105
105
105
108
106
107
106
105
104
102
102
102
103
100
100
101
101
100
93
96
101
102
100
102
100
100
94
100
94
100
101
100
88
89
84
81
100
98
89
95
92
85
86
99
87
89
100
92
100
80
102
79
82
93
71
81
88
82
89
102
103
106
105
102
103
103
107
106
106
108
108
105
106
104
104
105
107
108
106
107
108
109
107
105
107
105
107
106
109
106
105
104
105
105
107
107
104
105
107
105
107
106
106
105
107
108
105
106
105
102
103
106
105
102
103
103
107
106
106
108
108
105
106
104
104
105
107
108
106
107
108
109
107
105
107
105
107
106
109
106
105
104
105
105
107
107
104
105
107
105
107
106
106
105
107
108
105
106
105
102
103
103
106
101
102
104
107
105
104
107
106
104
107
108
108
108
107
109
108
106
107
105
108
107
109
107
108
106
104
104
105
108
107
107
104
107
110
108
108
108
106
106
108
104
106
108
106
106
104
105
103
104
103
108
104
103
103
101
104
106
108
106
103
105
101
107
105
106
104
104
102
106
102
100
104
106
108
105
105
107
104
105
103
108
104
106
110
106
107
107
108
105
107
106
106
103
107
105
107
105
103
104
103
108
104
103
103
101
104
106
108
106
103
105
101
107
105
106
104
104
102
106
102
100
104
106
108
105
105
107
104
105
103
108
104
106
110
106
107
107
108
105
107
106
106
103
107
105
107
105
103
104
103
108
104
103
103
101
104
106
108
106
103
105
101
107
105
106
104
104
102
106
102
100
104
106
108
105
105
107
104
105
103
108
104
106
110
106
107
107
108
105
107
106
106
103
107
105
107
104
105
105
102
105
104
105
105
104
104
100
103
104
105
106
107
106
104
105
107
106
104
104
105
105
106
104
105
106
106
104
105
106
105
108
104
107
110
106
105
108
107
108
109
107
107
106
106
105
104
103
102
104
104
102
104
104
105
104
103
104
104
103
105
103
103
104
106
105
105
105
103
104
103
103
103
99
104
103
105
107
103
101
104
101
104
103
105
104
101
104
105
104
102
104
100
87
97
101
104
103
102
104
104
102
104
104
105
104
103
104
104
103
105
103
103
104
106
105
105
105
103
104
103
103
103
99
104
103
105
107
103
101
104
101
104
103
105
104
101
104
105
104
102
104
100
87
97
101
104
103
102
104
104
102
104
104
105
104
103
104
104
103
105
103
103
104
106
105
105
105
103
104
103
103
103
99
104
103
105
107
103
101
104
101
104
103
105
104
101
104
105
104
102
104
100
87
97
101
104
105
105
108
106
102
106
104
104
105
107
103
107
106
103
103
105
106
104
105
106
104
102
104
103
104
103
105
107
104
104
102
108
104
104
105
103
106
97
103
103
104
104
102
105
94
97
88
89
98
103
95
101
104
105
101
102
104
103
106
100
95
104
102
108
108
103
103
100
95
102
103
103
100
104
102
104
104
105
104
98
105
104
95
105
104
105
103
105
102
102
108
106
103
102
102
104
105
105
104
106
95
101
104
105
101
102
104
103
106
100
95
104
102
108
108
103
103
100
95
102
103
103
100
104
102
104
104
105
104
98
105
104
95
105
104
105
103
105
102
102
108
106
103
102
102
104
105
105
104
106
103
101
102
104
104
104
103
103
106
102
101
103
104
105
103
104
103
102
103
103
103
102
101
102
103
104
103
108
104
102
104
102
104
104
101
102
104
103
102
101
104
105
104
103
104
101
106
105
103
103
95
101
104
105
101
102
104
103
106
100
95
104
102
108
108
103
103
100
95
102
103
103
100
104
102
104
104
105
104
98
105
104
95
105
104
105
103
105
102
102
108
106
103
102
102
104
105
105
104
106
95
101
104
103
104
102
102
104
104
105
102
105
105
104
105
105
104
104