105
77
75
78
68
72
71
83
76
71
73
73
78
72
67
68
66
62
63
68
68
65
59
63
60
61
65
61
63
66
57
62
67
64
68
71
71
68
65
61
56
65
61
63
59
58
54
56
52
54
105
77
75
78
68
72
71
83
76
71
73
73
78
72
67
68
66
62
63
68
68
65
59
63
60
61
65
61
63
66
57
62
67
64
68
71
71
68
65
61
56
65
61
63
59
58
54
56
52
54
105
77
75
78
68
72
71
83
76
71
73
73
78
72
67
68
66
62
63
68
68
65
59
63
60
61
65
61
63
66
57
62
67
64
68
71
71
68
65
61
56
65
61
63
59
58
54
56
52
54
105
77
75
78
68
72
71
83
76
71
73
73
78
72
67
68
66
62
63
68
68
65
59
63
60
61
65
61
63
66
57
62
67
64
68
71
71
68
65
61
56
65
61
63
59
58
54
56
52
54
106
103
105
104
101
104
102
105
96
96
103
96
88
92
96
101
90
88
90
81
85
86
95
86
87
88
91
87
87
89
85
88
88
96
97
93
86
88
96
92
91
91
81
90
93
102
83
79
86
93
106
103
105
104
101
104
102
105
96
96
103
96
88
92
96
101
90
88
90
81
85
86
95
86
87
88
91
87
87
89
85
88
88
96
97
93
86
88
96
92
91
91
81
90
93
102
83
79
86
93
106
103
105
104
101
104
102
105
96
96
103
96
88
92
96
101
90
88
90
81
85
86
95
86
87
88
91
87
87
89
85
88
88
96
97
93
86
88
96
92
91
91
81
90
93
102
83
79
86
93
106
103
105
104
101
104
102
105
96
96
103
96
88
92
96
101
90
88
90
81
85
86
95
86
87
88
91
87
87
89
85
88
88
96
97
93
86
88
96
92
91
91
81
90
93
102
83
79
86
93
101
102
101
90
85
93
78
74
77
79
77
70
69
63
69
73
67
66
64
61
60
63
63
63
62
63
63
62
71
71
75
76
69
79
75
77
71
81
73
74
77
74
69
71
70
77
62
75
75
71
101
102
101
90
85
93
78
74
77
79
77
70
69
63
69
73
67
66
64
61
60
63
63
63
62
63
63
62
71
71
75
76
69
79
75
77
71
81
73
74
77
74
69
71
70
77
62
75
75
71
101
102
101
90
85
93
78
74
77
79
77
70
69
63
69
73
67
66
64
61
60
63
63
63
62
63
63
62
71
71
75
76
69
79
75
77
71
81
73
74
77
74
69
71
70
77
62
75
75
71
101
102
101
90
85
93
78
74
77
79
77
70
69
63
69
73
67
66
64
61
60
63
63
63
62
63
63
62
71
71
75
76
69
79
75
77
71
81
73
74
77
74
69
71
70
77
62
75
75
71
101
101
98
89
87
79
82
72
71
63
72
73
67
57
65
66
73
69
67
63
61
63
60
55
57
57
62
58
56
51
54
58
56
57
56
60
62
59
51
54
52
54
53
61
55
55
56
59
59
55
101
101
98
89
87
79
82
72
71
63
72
73
67
57
65
66
73
69
67
63
61
63
60
55
57
57
62
58
56
51
54
58
56
57
56
60
62
59
51
54
52
54
53
61
55
55
56
59
59
55
101
101
98
89
87
79
82
72
71
63
72
73
67
57
65
66
73
69
67
63
61
63
60
55
57
57
62
58
56
51
54
58
56
57
56
60
62
59
51
54
52
54
53
61
55
55
56
59
59
55
101
101
98
89
87
79
82
72
71
63
72
73
67
57
65
66
73
69
67
63
61
63
60
55
57
57
62
58
56
51
54
58
56
57
56
60
62
59
51
54
52
54
53
61
55
55
56
59
59
55
80
71
73
78
66
57
67
58
52
55
60
63
61
57
62
60
63
68
56
56
58
55
60
54
57
56
60
53
57
50
51
44
45
43
44
42
43
43
42
42
41
41
36
39
41
41
42
40
44
47
80
71
73
78
66
57
67
58
52
55
60
63
61
57
62
60
63
68
56
56
58
55
60
54
57
56
60
53
57
50
51
44
45
43
44
42
43
43
42
42
41
41
36
39
41
41
42
40
44
47
80
71
73
78
66
57
67
58
52
55
60
63
61
57
62
60
63
68
56
56
58
55
60
54
57
56
60
53
57
50
51
44
45
43
44
42
43
43
42
42
41
41
36
39
41
41
42
40
44
47
80
71
73
78
66
57
67
58
52
55
60
63
61
57
62
60
63
68
56
56
58
55
60
54
57
56
60
53
57
50
51
44
45
43
44
42
43
43
42
42
41
41
36
39
41
41
42
40
44
47
103
103
105
103
104
103
101
98
98
102
93
98
102
88
80
79
82
81
83
89
82
90
89
89
89
83
87
91
96
100
100
101
96
89
84
93
84
79
78
86
85
79
84
80
79
79
88
79
86
79
103
103
105
103
104
103
101
98
98
102
93
98
102
88
80
79
82
81
83
89
82
90
89
89
89
83
87
91
96
100
100
101
96
89
84
93
84
79
78
86
85
79
84
80
79
79
88
79
86
79
103
103
105
103
104
103
101
98
98
102
93
98
102
88
80
79
82
81
83
89
82
90
89
89
89
83
87
91
96
100
100
101
96
89
84
93
84
79
78
86
85
79
84
80
79
79
88
79
86
79
103
103
105
103
104
103
101
98
98
102
93
98
102
88
80
79
82
81
83
89
82
90
89
89
89
83
87
91
96
100
100
101
96
89
84
93
84
79
78
86
85
79
84
80
79
79
88
79
86
79
105
106
103
105
108
108
108
108
106
108
108
107
107
109
105
108
105
106
107
107
107
107
109
107
110
109
107
108
107
108
108
109
107
109
107
107
109
108
109
108
109
107
107
106
106
108
105
107
108
107
104
108
104
107
106
107
108
107
108
107
106
107
107
106
106
105
105
106
106
105
104
105
104
108
103
106
108
105
103
104
105
104
105
104
106
104
104
106
104
104
107
106
108
107
104
102
104
105
104
105
106
104
106
105
107
107
106
108
107
109
106
107
107
107
107
102
103
104
105
105
108
105
104
106
104
105
104
106
102
104
103
105
103
102
106
105
105
102
103
106
101
103
104
105
102
103
105
106
106
104
104
106
104
104
106
106
107
106
103
106
107
107
106
106
105
105
105
106
102
104
105
106
103
106
104
102
105
106
102
104
102
103
104
105
106
105
102
102
104
105
105
101
102
104
104
102
103
103
105
104
106
103
105
106
109
104
107
108
107
106
107
108
108
108
105
106
106
106
102
107
107
104
106
104
105
105
103
102
104
103
103
103
104
106
104
107
104
104
101
102
105
105
105
105
102
106
103
104
106
106
103
102
101
102
102
101
102
101
101
102
100
101
102
101
104
101
102
102
100
101
101
104
101
101
100
100
100
100
100
94
92
96
88
88
79
69
67
65
79
76
78
76
72
71
73
68
70
77
71
72
104
103
104
104
106
106
106
106
107
106
107
106
108
104
105
103
105
105
106
103
103
106
106
109
105
104
106
105
103
105
105
105
103
102
103
102
103
103
103
102
104
102
105
104
106
105
105
102
101
103
103
102
101
102
102
101
102
101
101
102
100
101
102
101
104
101
102
102
100
101
101
104
101
101
100
100
100
100
100
94
92
96
88
88
79
69
67
65
79
76
78
76
72
71
73
68
70
77
71
72
106
105
106
106
106
105
105
103
109
103
108
107
104
106
104
107
106
103
105
104
106
107
107
107
106
106
102
104
103
103
101
104
103
101
103
105
106
105
105
104
103
103
103
104
101
106
101
105
105
103
103
102
101
102
102
101
102
101
101
102
100
101
102
101
104
101
102
102
100
101
101
104
101
101
100
100
100
100
100
94
92
96
88
88
79
69
67
65
79
76
78
76
72
71
73
68
70
77
71
72
105
104
104
103
106
105
107
105
105
107
107
110
106
108
107
107
106
107
106
106
106
106
105
105
106
104
105
103
105
102
105
105
104
106
106
104
103
106
107
104
108
105
103
105
105
102
103
107
105
104
103
102
101
102
102
101
102
101
101
102
100
101
102
101
104
101
102
102
100
101
101
104
101
101
100
100
100
100
100
94
92
96
88
88
79
69
67
65
79
76
78
76
72
71
73
68
70
77
71
72
103
106
105
108
106
108
108
105
107
109
109
109
106
108
107
107
106
108
109
105
106
105
106
106
107
110
107
109
109
106
106
107
108
104
102
108
104
106
105
107
105
105
108
102
106
105
103
107
107
105
102
100
101
101
101
101
102
102
101
101
103
102
105
101
101
100
100
102
100
100
102
101
103
101
102
105
103
103
105
103
103
102
102
102
100
101
102
101
102
101
100
101
101
100
102
92
100
100
95
101
105
105
108
107
108
106
108
107
109
105
108
109
108
107
107
109
109
108
108
107
110
110
108
108
108
106
106
107
104
103
105
106
104
106
106
105
106
107
104
103
106
105
102
107
104
105
100
107
104
105
102
100
101
101
101
101
102
102
101
101
103
102
105
101
101
100
100
102
100
100
102
101
103
101
102
105
103
103
105
103
103
102
102
102
100
101
102
101
102
101
100
101
101
100
102
92
100
100
95
101
106
104
107
106
106
107
107
108
106
109
108
105
107
109
108
106
109
106
106
108
109
108
110
107
109
107
108
107
109
106
107
106
107
107
104
109
104
106
106
105
105
104
107
106
103
103
107
104
102
103
102
100
101
101
101
101
102
102
101
101
103
102
105
101
101
100
100
102
100
100
102
101
103
101
102
105
103
103
105
103
103
102
102
102
100
101
102
101
102
101
100
101
101
100
102
92
100
100
95
101
103
104
106
106
106
107
103
104
106
103
106
107
104
106
105
104
108
106
106
103
106
104
105
102
104
106
101
105
104
106
107
107
104
106
105
106
104
106
105
105
105
101
107
103
104
104
102
105
105
103
102
100
101
101
101
101
102
102
101
101
103
102
105
101
101
100
100
102
100
100
102
101
103
101
102
105
103
103
105
103
103
102
102
102
100
101
102
101
102
101
100
101
101
100
102
92
100
100
95
101
102
106
107
104
104
104
104
105
107
106
105
108
108
105
104
106
103
102
105
106
105
105
102
104
107
104
108
107
105
105
105
105
102
103
106
106
105
104
104
103
106
107
107
108
106
108
106
109
104
105
102
103
103
103
105
106
102
103
104
104
106
104
103
102
105
105
102
103
105
102
103
103
104
104
104
103
104
103
105
104
101
101
103
101
105
103
103
100
103
104
102
104
102
102
104
102
103
103
104
104
102
102
101
100
104
101
100
101
100
100
101
100
102
98
100
97
99
100
97
100
90
84
75
79
100
101
100
100
88
94
98
85
85
92
92
98
91
98
94
86
90
94
94
93
97
97
100
96
85
101
102
106
107
104
104
104
104
105
107
106
105
108
108
105
104
106
103
102
105
106
105
105
102
104
107
104
108
107
105
105
105
105
102
103
106
106
105
104
104
103
106
107
107
108
106
108
106
109
104
105
102
106
107
104
104
104
104
105
107
106
105
108
108
105
104
106
103
102
105
106
105
105
102
104
107
104
108
107
105
105
105
105
102
103
106
106
105
104
104
103
106
107
107
108
106
108
106
109
104
105
102
108
103
105
103
106
106
102
107
106
105
107
103
106
103
108
105
107
104
107
106
104
106
104
107
106
106
102
104
101
103
105
103
104
106
103
104
104
104
104
105
96
102
104
108
106
108
106
103
104
103
105
104
105
104
106
105
102
104
106
101
107
101
105
105
102
105
105
104
105
104
104
105
105
106
96
104
105
103
100
102
105
103
105
105
107
103
98
104
100
101
103
103
104
103
105
102
104
103
105
103
105
104
105
104
106
105
102
104
106
101
107
101
105
105
102
105
105
104
105
104
104
105
105
106
96
104
105
103
100
102
105
103
105
105
107
103
98
104
100
101
103
103
104
103
105
102
104
103
105
103
105
104
105
104
106
105
102
104
106
101
107
101
105
105
102
105
105
104
105
104
104
105
105
106
96
104
105
103
100
102
105
103
105
105
107
103
98
104
100
101
103
103
104
103
105
102
104
103
105
103
103
105
106
103
104
105
103
102
102
105
105
103
106
104
104
105
103
106
105
105
103
104
102
104
102
106
104
95
99
102
100
98
99
99
97
102
97
103
103
105
102
104
96
93
104
105
101
94
88
103
106
103
105
104
104
101
105
103
103
102
105
103
99
104
102
93
90
87
95
97
103
96
100
100
102
104
103
105
106
105
103
105
93
107
94
97
105
104
100
105
106
107
108
102
105
103
106
105
106
103
106
103
105
104
104
101
105
103
103
102
105
103
99
104
102
93
90
87
95
97
103
96
100
100
102
104
103
105
106
105
103
105
93
107
94
97
105
104
100
105
106
107
108
102
105
103
106
105
106
103
106
103
105
104
104
101
105
103
103
102
105
103
99
104
102
93
90
87
95
97
103
96
100
100
102
104
103
105
106
105
103
105
93
107
94
97
105
104
100
105
106
107
108
102
105
103
106
105
106
105
103
103
106
105
105
105
103
104
105
105
104
105
106
108
105
105
107
105
107
102
104
103
100
105
105
103
104
102
100
105
100
106
101
100
97
102
95
90
91
94
91
98
93
87
104
100
101
101
101
94
100
104
103
103
104
103
97
104
105
105
100
100
97
105
104
96
103
100
106
100
102
102
105
107
102
99
102
106
101
104
102
100
100
104
102
101
99
96
95
104
107
105
102
103
104
105
104
104
102
94
100
104
103
103
104
103
97
104
105
105
100
100
97
105
104
96
103
100
106
100
102
102
105
107
102
99
102
106
101
104
102
100
100
104
102
101
99
96
95
104
107
105
102
103
104
105
104
104
102
104
102
100
106
104
104
102
102
103
105
106
104
105
106
104
106
108
103
104
104
104
102
104
105
103
103
106
101
102
103
103
106
103
101
104
102
103
102
102
102
102
104
103
106
104
104
104
103
103
103
94
100
104
103
103
104
103
97
104
105
105
100
100
97
105
104
96
103
100
106
100
102
102
105
107
102
99
102
106
101
104
102
100
100
104
102
101
99
96
95
104
107
105
102
103
104
105
104
104
102
94
101
104
105
104
102
105
101
102
102
103
102
101
95
102
98
100
100
103
87
100
101
101
99
104
9