cap101
3883226133
3883226133
3883226133
3883226133
cap102
3883231133
3883231133
3883231133
3883231133
cap103
3883236133
3883236133
3883236133
3883236133
cap104
3883243633
3883243633
3883243633
3883243633
cap121
4173793835
4429974458
4148374586
4148374586
cap122
4173813835
4429989458
4148394586
4148394586
cap123
4173833835
4430004458
4148414586
4148414586
cap124
4173863835
4430026958
4148444586
4148444586
cap131
3883226133
3883226133
3883226133
3883226133
cap132
3883231133
3883231133
3883231133
3883231133
cap133
3883236133
3883236133
3883236133
3883236133
cap134
3883243633
3883243633
3883243633
3883243633
cap61
4688622204
4861132757
4688622204
4688622204
cap62
4688642204
4861152757
4688642204
4688642204
cap63
4688662204
4861172757
4688662204
4688662204
cap64
4688692204
4861202757
4688692204
4688692204
cap71
4879355523
4883016507
4879355523
4879355523
cap72
4879360523
4883026507
4879360523
4879360523
cap73
4879365523
4883036507
4879365523
4879365523
cap74
4879373023
4883051507
4879373023
4879373023
cap91
4148374586
4800591339
4148374586
4148374586
cap92
4148394586
4800606339
4148394586
4148394586
cap93
4148414586
4800621339
4148414586
4148414586
cap94
4148444586
4800643839
4148444586
4148444586
capa1
600148555
670348736
602372234
589318621
capa1_1
571479233
709448262
555986280
549071813
capa1_2
538179952
560804706
539196034
518665367
capa1_3
501940622
535435123
501568332
495428937
capa1_4
484204258
497338382
490750491
473449234
capa1_5
317594209
343638343
318676075
314792952
capa1_6
NaN
NaN
NaN
NaN
capa2
553796113
596110845
553870965
550929468
capa2_1
317594209
343638343
318676075
314792952
capa3
579979987
574886608
551972201
548023803
capa3_1
317594209
343638343
318676075
314792952
capa4
558277344
572044641
550747168
548308472
capa4_1
317594209
343638343
318676075
314792952
capb1
511584615
649090274
500170236
470680154
capb1_1
252897144
274722750
254154299
252480772
capb2
526152956
650283663
546479536
507004757
capb2_1
252897144
274722750
254154299
252480772
capb3
572803281
627015704
597136441
552098992
capb3_1
252897144
274722750
254154299
252480772
capb4
555985355
604440686
563930311
539474425
capb4_1
252897144
274722750
254154299
252480772
pn56
540282
NaN
539561
539561
pn56_1
473513
479053
473513
473513
pn56_2
420850
458450
420850
420850
pn57
545082
NaN
544361
544361
pn58
556282
NaN
555561
555561
pn59
551070
NaN
550446
548421
pn60
624254
659940
625338
617133
pn61
627554
663240
628638
620433
pn62
635254
670940
636338
628133
pn63
631608
727537
623281
623281
pn64
727851
791697
720930
720930
pn65
730251
794097
723330
723330
pn66
735851
799697
728930
728930
pn67
620801
607508
614555
607508
pn68
702643
706588
702643
702643
pn69
705343
709288
705343
705343
pn69_1
659572
698156
659572
659572
pn69_2
NaN
NaN
NaN
NaN
pn70
711643
715588
711643
711643
pn71
709660
713192
709660
709660
