94
87
76
85
76
76
74
63
76
76
64
62
67
67
71
69
58
61
68
70
73
61
68
61
64
63
62
66
63
66
63
67
59
65
61
67
60
72
66
56
67
62
52
54
69
65
67
73
64
65
94
87
76
85
76
76
74
63
76
76
64
62
67
67
71
69
58
61
68
70
73
61
68
61
64
63
62
66
63
66
63
67
59
65
61
67
60
72
66
56
67
62
52
54
69
65
67
73
64
65
94
87
76
85
76
76
74
63
76
76
64
62
67
67
71
69
58
61
68
70
73
61
68
61
64
63
62
66
63
66
63
67
59
65
61
67
60
72
66
56
67
62
52
54
69
65
67
73
64
65
94
87
76
85
76
76
74
63
76
76
64
62
67
67
71
69
58
61
68
70
73
61
68
61
64
63
62
66
63
66
63
67
59
65
61
67
60
72
66
56
67
62
52
54
69
65
67
73
64
65
103
102
104
106
102
103
104
103
100
101
103
101
104
96
99
102
104
96
90
96
99
104
97
104
97
99
87
90
95
80
80
88
79
83
95
89
83
100
94
89
90
86
89
94
103
93
86
94
102
88
103
102
104
106
102
103
104
103
100
101
103
101
104
96
99
102
104
96
90
96
99
104
97
104
97
99
87
90
95
80
80
88
79
83
95
89
83
100
94
89
90
86
89
94
103
93
86
94
102
88
103
102
104
106
102
103
104
103
100
101
103
101
104
96
99
102
104
96
90
96
99
104
97
104
97
99
87
90
95
80
80
88
79
83
95
89
83
100
94
89
90
86
89
94
103
93
86
94
102
88
103
102
104
106
102
103
104
103
100
101
103
101
104
96
99
102
104
96
90
96
99
104
97
104
97
99
87
90
95
80
80
88
79
83
95
89
83
100
94
89
90
86
89
94
103
93
86
94
102
88
105
98
101
92
80
69
69
75
77
80
71
68
75
74
77
78
75
68
59
72
68
66
69
70
62
64
67
66
64
64
65
72
65
67
71
74
70
67
53
63
54
51
57
64
65
63
62
59
62
64
105
98
101
92
80
69
69
75
77
80
71
68
75
74
77
78
75
68
59
72
68
66
69
70
62
64
67
66
64
64
65
72
65
67
71
74
70
67
53
63
54
51
57
64
65
63
62
59
62
64
105
98
101
92
80
69
69
75
77
80
71
68
75
74
77
78
75
68
59
72
68
66
69
70
62
64
67
66
64
64
65
72
65
67
71
74
70
67
53
63
54
51
57
64
65
63
62
59
62
64
105
98
101
92
80
69
69
75
77
80
71
68
75
74
77
78
75
68
59
72
68
66
69
70
62
64
67
66
64
64
65
72
65
67
71
74
70
67
53
63
54
51
57
64
65
63
62
59
62
64
102
103
94
94
86
74
60
51
58
54
58
63
54
51
55
53
55
54
56
57
56
58
56
54
56
53
53
58
55
51
57
54
59
53
62
52
54
58
56
56
60
52
62
57
52
54
56
55
56
54
102
103
94
94
86
74
60
51
58
54
58
63
54
51
55
53
55
54
56
57
56
58
56
54
56
53
53
58
55
51
57
54
59
53
62
52
54
58
56
56
60
52
62
57
52
54
56
55
56
54
102
103
94
94
86
74
60
51
58
54
58
63
54
51
55
53
55
54
56
57
56
58
56
54
56
53
53
58
55
51
57
54
59
53
62
52
54
58
56
56
60
52
62
57
52
54
56
55
56
54
102
103
94
94
86
74
60
51
58
54
58
63
54
51
55
53
55
54
56
57
56
58
56
54
56
53
53
58
55
51
57
54
59
53
62
52
54
58
56
56
60
52
62
57
52
54
56
55
56
54
80
73
66
63
64
55
53
56
52
48
52
52
40
40
46
46
47
48
50
52
55
49
50
48
48
49
49
51
50
49
50
49
47
44
52
53
53
52
49
56
49
48
53
54
51
58
55
52
55
53
80
73
66
63
64
55
53
56
52
48
52
52
40
40
46
46
47
48
50
52
55
49
50
48
48
49
49
51
50
49
50
49
47
44
52
53
53
52
49
56
49
48
53
54
51
58
55
52
55
53
80
73
66
63
64
55
53
56
52
48
52
52
40
40
46
46
47
48
50
52
55
49
50
48
48
49
49
51
50
49
50
49
47
44
52
53
53
52
49
56
49
48
53
54
51
58
55
52
55
53
80
73
66
63
64
55
53
56
52
48
52
52
40
40
46
46
47
48
50
52
55
49
50
48
48
49
49
51
50
49
50
49
47
44
52
53
53
52
49
56
49
48
53
54
51
58
55
52
55
53
103
101
103
106
101
107
105
99
106
98
97
91
95
82
73
81
97
100
93
87
79
80
78
72
70
64
70
70
80
74
64
72
75
82
73
80
79
69
73
74
71
77
75
74
80
77
73
72
72
69
103
101
103
106
101
107
105
99
106
98
97
91
95
82
73
81
97
100
93
87
79
80
78
72
70
64
70
70
80
74
64
72
75
82
73
80
79
69
73
74
71
77
75
74
80
77
73
72
72
69
103
101
103
106
101
107
105
99
106
98
97
91
95
82
73
81
97
100
93
87
79
80
78
72
70
64
70
70
80
74
64
72
75
82
73
80
79
69
73
74
71
77
75
74
80
77
73
72
72
69
103
101
103
106
101
107
105
99
106
98
97
91
95
82
73
81
97
100
93
87
79
80
78
72
70
64
70
70
80
74
64
72
75
82
73
80
79
69
73
74
71
77
75
74
80
77
73
72
72
69
106
107
106
108
108
109
106
110
109
108
109
107
109
108
109
106
108
108
106
104
109
109
104
104
109
105
105
106
104
106
103
105
104
105
104
106
107
105
105
106
106
105
104
104
103
101
104
106
105
107
106
108
104
108
106
105
107
109
107
108
107
106
106
105
108
108
107
105
103
105
107
104
108
104
108
105
107
104
105
107
107
105
105
105
106
107
106
108
108
108
106
105
108
107
105
103
105
106
105
105
105
108
105
106
107
103
106
108
108
105
104
104
103
105
106
106
105
104
106
105
106
105
103
104
108
106
103
106
101
102
104
105
105
106
106
103
105
103
101
104
103
106
105
104
102
105
106
105
106
106
107
108
106
103
107
106
106
106
110
106
107
108
106
106
106
102
106
106
105
103
106
104
105
103
104
104
102
103
104
105
104
103
104
104
104
103
106
105
102
103
104
104
104
110
103
103
105
104
102
102
108
105
105
105
105
103
104
104
106
106
105
108
105
108
107
106
108
104
108
106
106
107
104
102
107
107
104
106
104
107
106
106
106
103
105
104
105
105
102
107
106
105
106
105
104
106
105
104
105
105
102
104
102
100
103
100
102
101
102
100
102
100
102
101
102
101
102
104
101
103
101
102
103
102
102
103
101
100
101
100
101
101
88
87
82
88
92
88
84
73
77
75
77
78
87
78
78
86
80
80
106
106
106
105
103
106
105
105
104
106
107
105
105
103
106
108
104
104
105
106
104
106
105
104
106
103
101
107
104
109
107
102
104
106
109
105
104
103
105
104
103
104
106
105
105
105
104
107
106
103
102
104
102
100
103
100
102
101
102
100
102
100
102
101
102
101
102
104
101
103
101
102
103
102
102
103
101
100
101
100
101
101
88
87
82
88
92
88
84
73
77
75
77
78
87
78
78
86
80
80
106
106
105
106
106
107
107
104
106
107
106
107
107
104
108
106
105
108
109
104
105
103
106
108
107
108
104
107
105
102
106
104
105
105
104
104
102
100
106
106
107
106
104
100
104
104
103
104
106
105
102
104
102
100
103
100
102
101
102
100
102
100
102
101
102
101
102
104
101
103
101
102
103
102
102
103
101
100
101
100
101
101
88
87
82
88
92
88
84
73
77
75
77
78
87
78
78
86
80
80
107
104
107
105
109
108
107
108
108
109
108
108
107
108
106
104
105
108
106
106
103
103
103
105
103
104
103
103
106
106
104
105
107
104
104
104
105
107
105
103
105
110
108
106
107
105
106
108
105
106
102
104
102
100
103
100
102
101
102
100
102
100
102
101
102
101
102
104
101
103
101
102
103
102
102
103
101
100
101
100
101
101
88
87
82
88
92
88
84
73
77
75
77
78
87
78
78
86
80
80
105
108
105
107
103
107
107
108
110
110
107
105
108
109
108
108
108
109
107
110
110
108
106
109
106
106
108
108
108
109
109
107
107
106
109
107
108
107
107
108
105
106
106
110
109
108
105
102
106
107
102
102
103
101
102
103
101
101
103
101
102
101
101
100
103
101
101
102
101
103
104
101
100
91
76
85
84
92
76
79
84
85
77
77
71
61
70
68
65
73
84
77
68
64
66
61
66
68
59
59
103
103
109
104
106
106
107
107
108
105
107
107
106
107
106
109
109
108
108
104
104
106
103
103
104
106
105
104
106
106
106
105
104
104
105
105
105
105
104
105
104
105
107
106
106
106
107
105
105
104
102
102
103
101
102
103
101
101
103
101
102
101
101
100
103
101
101
102
101
103
104
101
100
91
76
85
84
92
76
79
84
85
77
77
71
61
70
68
65
73
84
77
68
64
66
61
66
68
59
59
104
106
106
109
110
106
104
108
109
108
108
106
110
110
109
107
109
110
107
105
108
109
109
108
104
109
108
106
106
108
106
105
108
108
106
106
105
108
107
106
108
107
105
107
108
107
107
105
106
103
102
102
103
101
102
103
101
101
103
101
102
101
101
100
103
101
101
102
101
103
104
101
100
91
76
85
84
92
76
79
84
85
77
77
71
61
70
68
65
73
84
77
68
64
66
61
66
68
59
59
106
104
106
106
106
106
105
110
109
106
105
107
106
107
106
105
104
105
106
104
103
103
106
103
103
107
106
104
104
104
103
105
104
104
105
106
103
106
106
105
103
103
104
103
103
103
106
103
105
104
102
102
103
101
102
103
101
101
103
101
102
101
101
100
103
101
101
102
101
103
104
101
100
91
76
85
84
92
76
79
84
85
77
77
71
61
70
68
65
73
84
77
68
64
66
61
66
68
59
59
104
101
103
104
104
106
106
106
106
106
105
107
107
104
105
105
104
109
105
107
106
106
107
106
105
105
104
106
107
105
105
106
104
103
105
101
106
103
106
106
105
104
105
103
105
106
104
109
106
105
102
103
102
102
105
101
105
103
105
104
104
104
103
104
104
102
103
104
103
101
104
103
105
104
104
103
106
105
104
105
102
103
105
102
104
103
105
105
105
103
105
101
102
102
103
103
101
102
101
104
100
100
101
101
100
100
101
103
95
86
94
93
90
98
101
99
101
93
93
95
100
101
96
86
89
95
91
100
100
84
86
95
100
100
94
87
100
100
95
101
101
100
100
84
86
84
81
81
87
83
104
101
103
104
104
106
106
106
106
106
105
107
107
104
105
105
104
109
105
107
106
106
107
106
105
105
104
106
107
105
105
106
104
103
105
101
106
103
106
106
105
104
105
103
105
106
104
109
106
105
104
101
103
104
104
106
106
106
106
106
105
107
107
104
105
105
104
109
105
107
106
106
107
106
105
105
104
106
107
105
105
106
104
103
105
101
106
103
106
106
105
104
105
103
105
106
104
109
106
105
103
104
106
107
106
105
107
102
106
105
107
107
107
106
108
106
105
109
107
103
106
107
108
108
106
106
108
104
104
106
107
108
104
108
105
105
104
104
109
105
109
107
108
107
104
104
105
107
103
108
104
104
106
106
104
105
106
103
104
104
106
104
106
103
106
106
106
103
106
102
106
105
103
106
104
105
107
105
106
107
106
105
107
106
107
106
108
104
104
106
102
106
103
107
106
105
105
102
106
103
104
104
106
106
104
105
106
103
104
104
106
104
106
103
106
106
106
103
106
102
106
105
103
106
104
105
107
105
106
107
106
105
107
106
107
106
108
104
104
106
102
106
103
107
106
105
105
102
106
103
104
104
106
106
104
105
106
103
104
104
106
104
106
103
106
106
106
103
106
102
106
105
103
106
104
105
107
105
106
107
106
105
107
106
107
106
108
104
104
106
102
106
103
107
106
105
105
102
106
103
107
103
103
106
102
105
103
108
105
103
107
105
106
105
106
105
108
107
107
105
105
104
104
107
104
105
106
105
106
104
103
102
106
106
108
106
105
105
108
106
105
108
107
108
108
105
106
109
107
106
104
103
103
104
105
105
102
105
106
103
105
102
103
107
107
103
103
104
100
102
103
104
103
103
104
95
100
103
105
99
102
102
97
99
103
104
95
94
93
102
96
100
101
104
103
103
103
96
102
96
104
103
103
104
105
105
102
105
106
103
105
102
103
107
107
103
103
104
100
102
103
104
103
103
104
95
100
103
105
99
102
102
97
99
103
104
95
94
93
102
96
100
101
104
103
103
103
96
102
96
104
103
103
104
105
105
102
105
106
103
105
102
103
107
107
103
103
104
100
102
103
104
103
103
104
95
100
103
105
99
102
102
97
99
103
104
95
94
93
102
96
100
101
104
103
103
103
96
102
96
104
103
102
105
105
104
106
108
103
101
104
101
103
103
97
104
98
104
101
88
103
103
103
100
94
104
105
104
95
94
97
83
95
90
90
86
97
92
88
95
84
102
94
83
97
80
98
85
82
91
94
104
103
105
104
105
103
104
102
103
104
104
102
101
104
102
106
100
103
98
103
104
102
105
96
108
92
100
97
105
95
103
98
103
98
99
105
103
103
96
103
95
104
105
108
98
101
104
99
102
94
104
103
105
104
105
103
104
102
103
104
104
102
101
104
102
106
100
103
98
103
104
102
105
96
108
92
100
97
105
95
103
98
103
98
99
105
103
103
96
103
95
104
105
108
98
101
104
99
102
103
101
101
103
104
102
103
103
102
103
103
104
104
105
106
101
102
106
102
104
102
104
103
102
102
101
102
103
102
103
103
101
104
103
102
104
103
104
105
102
103
102
104
105
101
103
103
104
106
102
94
104
103
105
104
105
103
104
102
103
104
104
102
101
104
102
106
100
103
98
103
104
102
105
96
108
92
100
97
105
95
103
98
103
98
99
105
103
103
96
103
95
104
105
108
98
101
104
99
102
94
101
103
104
105
104
104
104
105
105
104
104
105
104
106
97
93
93
103
98
103
99
103
104
94
104
104
104
95
101
95
99
98
102
102
98
104
103
103
101
92
102
96
103
