cap101
3883226133
3883226133
3883226133
3883226133
cap102
3883231133
3883231133
3883231133
3883231133
cap103
3883236133
3883236133
3883236133
3883236133
cap104
3883243633
3883243633
3883243633
3883243633
cap121
4148374586
4484975366
4252151348
4148374586
cap122
4148394586
4484990366
4252166348
4148394586
cap123
4148414586
4485005366
4252181348
4148414586
cap124
4148444586
4485027866
4252203848
4148444586
cap131
3883226133
3883226133
3883226133
3883226133
cap132
3883231133
3883231133
3883231133
3883231133
cap133
3883236133
3883236133
3883236133
3883236133
cap134
3883243633
3883243633
3883243633
3883243633
cap61
4688622204
4688622204
4688622204
4688622204
cap62
4688642204
4688642204
4688642204
4688642204
cap63
4688662204
4688662204
4688662204
4688662204
cap64
4688692204
4688692204
4688692204
4688692204
cap71
4879355523
4879355523
4879355523
4879355523
cap72
4879360523
4879360523
4879360523
4879360523
cap73
4879365523
4879365523
4879365523
4879365523
cap74
4879373023
4879373023
4879373023
4879373023
cap91
4148374586
4276593182
4148374586
4148374586
cap92
4148394586
4276613182
4148394586
4148394586
cap93
4148414586
4276633182
4148414586
4148414586
cap94
4148444586
4276663182
4148444586
4148444586
capa1
601671167
673260930
628762795
590313012
capa1_1
590154620
734321814
567697824
551978440
capa1_2
524634224
568208038
531789483
520721982
capa1_3
509677343
533356201
507530284
495862952
capa1_4
483571342
499002177
480385810
472618846
capa1_5
318667248
362853110
316794182
314878410
capa1_6
NaN
NaN
NaN
NaN
capa2
572077123
642412510
555115163
547934147
capa2_1
318667248
362853110
316794182
314878410
capa3
565090985
598151487
555896319
547068228
capa3_1
318667248
362853110
316794182
314878410
capa4
568043014
639813236
555789600
547068228
capa4_1
318667248
362853110
316794182
314878410
capb1
493094493
595298401
484829956
479112645
capb1_1
253638142
273909992
254374786
252480772
capb2
565225586
594969630
530655614
507128982
capb2_1
253638142
273909992
254374786
252480772
capb3
601621982
620865035
590481434
559821926
capb3_1
253638142
273909992
254374786
252480772
capb4
561517157
595889282
564602612
538713398
capb4_1
253638142
273909992
254374786
252480772
pn56
545098
548828
540282
539561
pn56_1
473513
482735
473513
473513
pn56_2
420850
436538
420850
420850
pn57
549898
553628
545082
544361
pn58
561098
564828
556282
555561
pn59
549982
565612
554274
548421
pn60
625338
659135
617133
624254
pn61
628638
662435
620433
627554
pn62
636338
670135
628133
635254
pn63
623281
666592
623281
623281
pn64
720930
765258
733904
720930
pn65
723330
767658
736304
723330
pn66
728930
773258
741904
728930
pn67
614555
670480
607508
607508
pn68
706588
702643
702643
702643
pn69
709288
705343
705343
705343
pn69_1
659572
665429
659685
659572
pn69_2
NaN
NaN
NaN
NaN
pn70
715588
711643
711643
711643
pn71
713192
709660
709660
709660
