102
100
97
93
75
80
75
74
69
72
69
68
63
64
64
71
62
69
69
71
67
71
66
71
63
64
76
71
71
79
79
71
78
72
73
73
70
72
71
72
59
56
64
66
64
56
62
67
55
59
102
100
97
93
75
80
75
74
69
72
69
68
63
64
64
71
62
69
69
71
67
71
66
71
63
64
76
71
71
79
79
71
78
72
73
73
70
72
71
72
59
56
64
66
64
56
62
67
55
59
102
100
97
93
75
80
75
74
69
72
69
68
63
64
64
71
62
69
69
71
67
71
66
71
63
64
76
71
71
79
79
71
78
72
73
73
70
72
71
72
59
56
64
66
64
56
62
67
55
59
102
100
97
93
75
80
75
74
69
72
69
68
63
64
64
71
62
69
69
71
67
71
66
71
63
64
76
71
71
79
79
71
78
72
73
73
70
72
71
72
59
56
64
66
64
56
62
67
55
59
105
104
103
106
103
104
104
103
103
103
97
101
104
89
95
86
91
104
96
100
96
85
101
96
94
93
94
102
102
90
92
87
92
95
95
86
87
91
92
97
103
101
98
90
94
85
87
88
93
88
105
104
103
106
103
104
104
103
103
103
97
101
104
89
95
86
91
104
96
100
96
85
101
96
94
93
94
102
102
90
92
87
92
95
95
86
87
91
92
97
103
101
98
90
94
85
87
88
93
88
105
104
103
106
103
104
104
103
103
103
97
101
104
89
95
86
91
104
96
100
96
85
101
96
94
93
94
102
102
90
92
87
92
95
95
86
87
91
92
97
103
101
98
90
94
85
87
88
93
88
105
104
103
106
103
104
104
103
103
103
97
101
104
89
95
86
91
104
96
100
96
85
101
96
94
93
94
102
102
90
92
87
92
95
95
86
87
91
92
97
103
101
98
90
94
85
87
88
93
88
105
106
95
102
91
73
78
78
78
71
70
76
77
81
72
72
71
66
69
73
73
67
68
68
60
71
67
63
70
75
71
72
71
70
59
49
59
69
60
64
68
66
63
68
70
66
67
74
70
78
105
106
95
102
91
73
78
78
78
71
70
76
77
81
72
72
71
66
69
73
73
67
68
68
60
71
67
63
70
75
71
72
71
70
59
49
59
69
60
64
68
66
63
68
70
66
67
74
70
78
105
106
95
102
91
73
78
78
78
71
70
76
77
81
72
72
71
66
69
73
73
67
68
68
60
71
67
63
70
75
71
72
71
70
59
49
59
69
60
64
68
66
63
68
70
66
67
74
70
78
105
106
95
102
91
73
78
78
78
71
70
76
77
81
72
72
71
66
69
73
73
67
68
68
60
71
67
63
70
75
71
72
71
70
59
49
59
69
60
64
68
66
63
68
70
66
67
74
70
78
102
104
95
90
89
85
76
70
64
56
63
60
53
56
55
53
48
49
56
58
58
52
57
58
62
59
55
51
52
50
61
51
58
58
57
54
54
58
62
61
57
58
61
56
58
55
57
58
58
59
102
104
95
90
89
85
76
70
64
56
63
60
53
56
55
53
48
49
56
58
58
52
57
58
62
59
55
51
52
50
61
51
58
58
57
54
54
58
62
61
57
58
61
56
58
55
57
58
58
59
102
104
95
90
89
85
76
70
64
56
63
60
53
56
55
53
48
49
56
58
58
52
57
58
62
59
55
51
52
50
61
51
58
58
57
54
54
58
62
61
57
58
61
56
58
55
57
58
58
59
102
104
95
90
89
85
76
70
64
56
63
60
53
56
55
53
48
49
56
58
58
52
57
58
62
59
55
51
52
50
61
51
58
58
57
54
54
58
62
61
57
58
61
56
58
55
57
58
58
59
77
67
69
71
68
70
61
61
55
59
65
59
54
51
53
53
47
50
47
52
50
51
49
50
48
46
49
44
49
45
48
51
50
44
43
47
47
44
43
42
42
43
39
38
41
49
49
41
41
39
77
67
69
71
68
70
61
61
55
59
65
59
54
51
53
53
47
50
47
52
50
51
49
50
48
46
49
44
49
45
48
51
50
44
43
47
47
44
43
42
42
43
39
38
41
49
49
41
41
39
77
67
69
71
68
70
61
61
55
59
65
59
54
51
53
53
47
50
47
52
50
51
49
50
48
46
49
44
49
45
48
51
50
44
43
47
47
44
43
42
42
43
39
38
41
49
49
41
41
39
77
67
69
71
68
70
61
61
55
59
65
59
54
51
53
53
47
50
47
52
50
51
49
50
48
46
49
44
49
45
48
51
50
44
43
47
47
44
43
42
42
43
39
38
41
49
49
41
41
39
104
103
102
104
102
95
93
102
99
94
88
96
84
98
100
95
91
89
84
81
85
93
82
86
88
92
84
85
91
92
95
90
74
86
75
91
89
82
84
83
93
79
83
77
80
85
75
86
88
93
104
103
102
104
102
95
93
102
99
94
88
96
84
98
100
95
91
89
84
81
85
93
82
86
88
92
84
85
91
92
95
90
74
86
75
91
89
82
84
83
93
79
83
77
80
85
75
86
88
93
104
103
102
104
102
95
93
102
99
94
88
96
84
98
100
95
91
89
84
81
85
93
82
86
88
92
84
85
91
92
95
90
74
86
75
91
89
82
84
83
93
79
83
77
80
85
75
86
88
93
104
103
102
104
102
95
93
102
99
94
88
96
84
98
100
95
91
89
84
81
85
93
82
86
88
92
84
85
91
92
95
90
74
86
75
91
89
82
84
83
93
79
83
77
80
85
75
86
88
93
104
108
108
108
108
107
107
109
110
109
108
105
109
108
108
110
108
107
106
106
108
105
107
108
107
106
106
104
105
107
107
106
104
105
105
102
106
103
102
105
103
100
104
103
107
107
104
104
103
108
105
103
108
108
105
107
109
107
107
107
107
106
104
105
105
107
107
107
106
106
109
106
105
103
109
105
104
107
104
106
106
107
106
103
104
103
105
104
106
105
106
105
103
105
105
105
100
105
103
102
104
105
106
105
105
106
107
107
108
106
108
108
107
108
106
106
107
104
108
106
105
103
103
106
105
105
102
104
104
105
103
104
105
106
104
106
107
105
106
103
103
101
105
105
104
107
106
108
102
104
106
108
106
107
106
104
108
107
106
106
105
105
105
105
106
107
106
105
104
107
106
106
108
105
105
105
106
104
106
104
104
105
106
106
107
106
105
105
103
103
104
105
105
105
105
103
104
102
103
105
107
105
104
105
106
107
108
109
106
105
104
104
108
103
105
108
106
107
107
106
107
108
105
107
109
108
108
109
108
107
107
106
106
106
108
107
105
108
108
105
107
107
103
107
106
108
108
105
107
105
104
102
102
103
103
105
103
101
104
102
103
101
102
103
103
102
100
101
101
101
102
101
100
100
101
88
96
97
100
97
95
93
88
85
84
82
83
82
62
72
74
80
81
85
91
81
81
77
83
82
105
101
106
106
106
108
105
110
107
105
108
105
105
108
106
109
107
107
106
105
105
105
107
106
103
104
107
107
107
106
104
104
105
106
103
105
105
103
105
103
102
106
108
102
106
103
105
105
104
108
104
102
102
103
103
105
103
101
104
102
103
101
102
103
103
102
100
101
101
101
102
101
100
100
101
88
96
97
100
97
95
93
88
85
84
82
83
82
62
72
74
80
81
85
91
81
81
77
83
82
103
105
105
104
106
107
105
109
106
108
105
104
106
106
105
106
105
104
101
104
105
106
105
108
105
109
104
104
104
105
104
104
103
103
102
105
103
106
104
106
103
103
103
103
104
107
102
103
103
104
104
102
102
103
103
105
103
101
104
102
103
101
102
103
103
102
100
101
101
101
102
101
100
100
101
88
96
97
100
97
95
93
88
85
84
82
83
82
62
72
74
80
81
85
91
81
81
77
83
82
102
106
106
106
107
107
109
109
108
107
107
109
109
107
103
106
107
105
105
103
106
103
107
105
106
102
106
106
107
103
105
105
108
106
105
104
106
104
105
105
104
105
103
102
104
105
104
103
105
103
104
102
102
103
103
105
103
101
104
102
103
101
102
103
103
102
100
101
101
101
102
101
100
100
101
88
96
97
100
97
95
93
88
85
84
82
83
82
62
72
74
80
81
85
91
81
81
77
83
82
102
108
105
107
110
109
109
106
106
110
108
110
109
109
109
106
109
110
108
107
109
109
109
106
110
110
110
109
110
110
108
108
109
110
107
109
108
110
108
109
110
108
109
109
108
106
106
107
108
105
103
101
101
102
101
103
102
102
103
103
102
102
101
102
102
102
102
103
100
101
102
102
104
102
102
101
101
102
102
103
103
102
102
101
101
101
101
102
101
100
100
103
101
104
102
100
100
100
100
100
105
106
105
107
104
109
105
109
108
109
109
110
110
110
109
108
108
109
109
109
109
109
110
108
110
109
109
110
108
108
109
106
109
106
108
107
105
108
108
104
106
106
106
108
107
107
106
105
105
107
103
101
101
102
101
103
102
102
103
103
102
102
101
102
102
102
102
103
100
101
102
102
104
102
102
101
101
102
102
103
103
102
102
101
101
101
101
102
101
100
100
103
101
104
102
100
100
100
100
100
103
106
106
108
107
107
109
107
107
106
107
110
109
110
106
109
106
106
107
108
105
108
107
107
105
106
103
106
107
105
106
108
104
106
103
107
102
103
106
98
104
104
106
106
107
105
104
106
106
102
103
101
101
102
101
103
102
102
103
103
102
102
101
102
102
102
102
103
100
101
102
102
104
102
102
101
101
102
102
103
103
102
102
101
101
101
101
102
101
100
100
103
101
104
102
100
100
100
100
100
104
105
108
108
108
107
108
106
110
108
106
110
104
109
107
103
107
108
106
106
109
107
106
109
107
106
105
106
106
106
107
106
109
106
107
104
103
105
107
107
107
106
107
107
106
107
107
106
105
108
103
101
101
102
101
103
102
102
103
103
102
102
101
102
102
102
102
103
100
101
102
102
104
102
102
101
101
102
102
103
103
102
102
101
101
101
101
102
101
100
100
103
101
104
102
100
100
100
100
100
105
102
103
102
104
102
105
103
106
108
105
104
101
101
106
105
102
105
106
107
107
104
103
104
104
106
106
106
106
104
106
104
107
105
107
104
106
103
105
104
105
105
107
106
106
105
108
103
108
105
101
101
101
103
103
105
103
105
105
104
107
102
105
108
106
105
103
105
107
105
101
106
104
102
104
104
102
104
104
103
105
107
104
103
106
103
106
106
105
105
102
105
104
104
102
104
104
103
104
102
100
101
102
102
100
100
100
100
100
91
93
98
87
77
84
93
100
91
85
101
91
98
94
77
86
79
94
100
98
95
80
84
76
83
78
75
87
87
102
81
88
89
94
91
96
92
83
84
87
87
105
102
103
102
104
102
105
103
106
108
105
104
101
101
106
105
102
105
106
107
107
104
103
104
104
106
106
106
106
104
106
104
107
105
107
104
106
103
105
104
105
105
107
106
106
105
108
103
108
105
105
102
103
102
104
102
105
103
106
108
105
104
101
101
106
105
102
105
106
107
107
104
103
104
104
106
106
106
106
104
106
104
107
105
107
104
106
103
105
104
105
105
107
106
106
105
108
103
108
105
101
101
104
103
106
104
106
104
107
107
104
105
107
106
104
104
105
106
109
110
103
103
106
102
104
103
106
101
103
107
107
104
105
104
105
107
106
104
106
104
103
104
103
107
103
103
104
106
104
108
101
104
105
104
104
103
105
102
104
104
103
105
105
104
106
108
103
105
106
106
108
107
106
105
107
107
106
108
103
105
98
104
106
106
107
108
104
106
106
106
105
101
106
105
104
105
106
106
106
108
101
104
105
104
104
103
105
102
104
104
103
105
105
104
106
108
103
105
106
106
108
107
106
105
107
107
106
108
103
105
98
104
106
106
107
108
104
106
106
106
105
101
106
105
104
105
106
106
106
108
101
104
105
104
104
103
105
102
104
104
103
105
105
104
106
108
103
105
106
106
108
107
106
105
107
107
106
108
103
105
98
104
106
106
107
108
104
106
106
106
105
101
106
105
104
105
106
106
106
108
101
101
105
103
103
104
106
106
107
105
104
105
106
103
105
103
105
105
101
106
107
105
105
106
104
107
107
107
103
107
103
105
105
107
107
107
105
102
105
103
107
104
107
107
105
105
103
102
106
106
103
105
104
103
105
103
106
105
104
105
103
104
104
102
102
103
103
101
101
107
105
105
102
103
106
106
100
90
105
102
106
103
103
103
107
103
103
106
106
104
107
105
104
99
105
104
107
104
107
104
103
105
104
103
105
103
106
105
104
105
103
104
104
102
102
103
103
101
101
107
105
105
102
103
106
106
100
90
105
102
106
103
103
103
107
103
103
106
106
104
107
105
104
99
105
104
107
104
107
104
103
105
104
103
105
103
106
105
104
105
103
104
104
102
102
103
103
101
101
107
105
105
102
103
106
106
100
90
105
102
106
103
103
103
107
103
103
106
106
104
107
105
104
99
105
104
107
104
107
104
102
103
105
105
103
107
104
104
103
106
105
106
107
107
104
105
105
103
104
102
105
105
91
104
103
102
104
106
107
99
107
106
106
104
102
104
103
103
104
101
104
106
102
102
104
104
105
103
103
104
83
101
102
102
103
104
103
102
96
103
105
104
99
105
105
104
105
104
105
102
106
104
106
104
103
104
103
105
101
101
99
107
105
103
102
104
105
102
106
98
105
102
106
104
106
103
107
103
105
104
83
101
102
102
103
104
103
102
96
103
105
104
99
105
105
104
105
104
105
102
106
104
106
104
103
104
103
105
101
101
99
107
105
103
102
104
105
102
106
98
105
102
106
104
106
103
107
103
105
104
102
101
104
105
106
103
104
102
106
108
106
106
104
105
103
105
102
104
103
104
102
103
105
103
107
105
103
103
107
103
104
104
103
101
105
104
104
103
105
103
103
102
102
102
103
103
104
104
103
103
83
101
102
102
103
104
103
102
96
103
105
104
99
105
105
104
105
104
105
102
106
104
106
104
103
104
103
105
101
101
99
107
105
103
102
104
105
102
106
98
105
102
106
104
106
103
107
103
105
104
83
102
103
103
104
104
101
101
95
102
98
101
104
10