cap101
3883226133
3883226133
3883226133
3883226133
cap102
3883231133
3883231133
3883231133
3883231133
cap103
3883236133
3883236133
3883236133
3883236133
cap104
3883243633
3883243633
3883243633
3883243633
cap121
4173793835
4564632976
4252151348
4148374586
cap122
4173813835
4564652976
4252166348
4148394586
cap123
4173833835
4564672976
4252181348
4148414586
cap124
4173863835
4564702976
4252203848
4148444586
cap131
3883226133
3883226133
3883226133
3883226133
cap132
3883231133
3883231133
3883231133
3883231133
cap133
3883236133
3883236133
3883236133
3883236133
cap134
3883243633
3883243633
3883243633
3883243633
cap61
4688622204
4688622204
4688622204
4688622204
cap62
4688642204
4688642204
4688642204
4688642204
cap63
4688662204
4688662204
4688662204
4688662204
cap64
4688692204
4688692204
4688692204
4688692204
cap71
4879355523
4879355523
4879355523
4879355523
cap72
4879360523
4879360523
4879360523
4879360523
cap73
4879365523
4879365523
4879365523
4879365523
cap74
4879373023
4879373023
4879373023
4879373023
cap91
4148374586
4394922890
4148374586
4148374586
cap92
4148394586
4394937890
4148394586
4148394586
cap93
4148414586
4394952890
4148414586
4148414586
cap94
4148444586
4394975390
4148444586
4148444586
capa1
628573048
653774258
627915644
601025062
capa1_1
566248504
601921561
562088470
547934147
capa1_2
531428767
556626588
539062770
517116024
capa1_3
507427062
533980867
511649638
494144517
capa1_4
487543190
509311537
490713083
472773326
capa1_5
319538867
355505232
319367047
314581276
capa1_6
NaN
NaN
NaN
NaN
capa2
562837857
659444846
551792081
547934147
capa2_1
319538867
355505232
319367047
314581276
capa3
562233191
579213799
569203455
548745597
capa3_1
319538867
355505232
319367047
314581276
capa4
567096262
625509083
562142910
547068228
capa4_1
319538867
355505232
319367047
314581276
capb1
516390612
564209218
493687392
483246916
capb1_1
254440520
287192446
255057710
252480772
capb2
571303747
615315318
554342302
509855380
capb2_1
254440520
287192446
255057710
252480772
capb3
559427764
623926621
586587995
548979707
capb3_1
254440520
287192446
255057710
252480772
capb4
572697281
601996965
552260641
540263300
capb4_1
254440520
287192446
255057710
252480772
pn56
539561
557880
541457
539561
pn56_1
473513
476901
473513
473513
pn56_2
420850
442565
420850
420850
pn57
544361
562680
546257
544361
pn58
555561
573880
557457
555561
pn59
551070
566413
548902
548421
pn60
624254
617133
624254
617133
pn61
627554
620433
627554
620433
pn62
635254
628133
635254
628133
pn63
623281
623281
632603
623281
pn64
720930
754350
741227
720930
pn65
723330
756750
743627
723330
pn66
728930
762350
749227
728930
pn67
614555
663559
607508
607508
pn68
702643
710261
706588
702643
pn69
705343
712961
709288
705343
pn69_1
661180
673186
659572
659572
pn69_2
NaN
NaN
NaN
NaN
pn70
711643
719261
715588
711643
pn71
709660
709660
709660
709660
