105
85
85
79
65
66
63
64
68
72
52
60
60
67
66
62
65
62
60
65
56
59
60
57
56
57
62
59
61
59
60
54
48
51
52
55
57
56
45
43
47
42
44
45
41
41
44
44
48
51
105
85
85
79
65
66
63
64
68
72
52
60
60
67
66
62
65
62
60
65
56
59
60
57
56
57
62
59
61
59
60
54
48
51
52
55
57
56
45
43
47
42
44
45
41
41
44
44
48
51
105
85
85
79
65
66
63
64
68
72
52
60
60
67
66
62
65
62
60
65
56
59
60
57
56
57
62
59
61
59
60
54
48
51
52
55
57
56
45
43
47
42
44
45
41
41
44
44
48
51
105
85
85
79
65
66
63
64
68
72
52
60
60
67
66
62
65
62
60
65
56
59
60
57
56
57
62
59
61
59
60
54
48
51
52
55
57
56
45
43
47
42
44
45
41
41
44
44
48
51
104
103
104
106
104
102
103
105
102
92
97
104
93
94
82
90
92
91
94
90
97
91
101
92
91
86
103
104
98
103
98
98
101
106
103
108
104
106
95
101
99
98
86
81
79
95
104
102
100
93
104
103
104
106
104
102
103
105
102
92
97
104
93
94
82
90
92
91
94
90
97
91
101
92
91
86
103
104
98
103
98
98
101
106
103
108
104
106
95
101
99
98
86
81
79
95
104
102
100
93
104
103
104
106
104
102
103
105
102
92
97
104
93
94
82
90
92
91
94
90
97
91
101
92
91
86
103
104
98
103
98
98
101
106
103
108
104
106
95
101
99
98
86
81
79
95
104
102
100
93
104
103
104
106
104
102
103
105
102
92
97
104
93
94
82
90
92
91
94
90
97
91
101
92
91
86
103
104
98
103
98
98
101
106
103
108
104
106
95
101
99
98
86
81
79
95
104
102
100
93
106
101
100
85
78
78
78
64
61
75
72
71
66
64
63
65
61
64
55
52
58
63
61
65
58
63
65
73
70
64
61
59
68
65
65
67
64
60
72
68
70
67
64
63
71
65
58
59
68
59
106
101
100
85
78
78
78
64
61
75
72
71
66
64
63
65
61
64
55
52
58
63
61
65
58
63
65
73
70
64
61
59
68
65
65
67
64
60
72
68
70
67
64
63
71
65
58
59
68
59
106
101
100
85
78
78
78
64
61
75
72
71
66
64
63
65
61
64
55
52
58
63
61
65
58
63
65
73
70
64
61
59
68
65
65
67
64
60
72
68
70
67
64
63
71
65
58
59
68
59
106
101
100
85
78
78
78
64
61
75
72
71
66
64
63
65
61
64
55
52
58
63
61
65
58
63
65
73
70
64
61
59
68
65
65
67
64
60
72
68
70
67
64
63
71
65
58
59
68
59
101
103
105
103
90
79
73
65
60
62
53
56
51
55
61
59
59
53
58
59
57
55
54
52
53
52
52
55
58
58
56
56
55
53
54
53
57
57
53
59
58
53
58
54
56
53
54
56
55
62
101
103
105
103
90
79
73
65
60
62
53
56
51
55
61
59
59
53
58
59
57
55
54
52
53
52
52
55
58
58
56
56
55
53
54
53
57
57
53
59
58
53
58
54
56
53
54
56
55
62
101
103
105
103
90
79
73
65
60
62
53
56
51
55
61
59
59
53
58
59
57
55
54
52
53
52
52
55
58
58
56
56
55
53
54
53
57
57
53
59
58
53
58
54
56
53
54
56
55
62
101
103
105
103
90
79
73
65
60
62
53
56
51
55
61
59
59
53
58
59
57
55
54
52
53
52
52
55
58
58
56
56
55
53
54
53
57
57
53
59
58
53
58
54
56
53
54
56
55
62
77
60
50
50
42
48
43
48
45
44
51
56
54
53
50
49
48
55
54
54
54
45
51
48
52
45
45
49
49
48
48
42
47
47
55
49
53
51
55
53
49
50
48
47
43
44
46
47
44
43
77
60
50
50
42
48
43
48
45
44
51
56
54
53
50
49
48
55
54
54
54
45
51
48
52
45
45
49
49
48
48
42
47
47
55
49
53
51
55
53
49
50
48
47
43
44
46
47
44
43
77
60
50
50
42
48
43
48
45
44
51
56
54
53
50
49
48
55
54
54
54
45
51
48
52
45
45
49
49
48
48
42
47
47
55
49
53
51
55
53
49
50
48
47
43
44
46
47
44
43
77
60
50
50
42
48
43
48
45
44
51
56
54
53
50
49
48
55
54
54
54
45
51
48
52
45
45
49
49
48
48
42
47
47
55
49
53
51
55
53
49
50
48
47
43
44
46
47
44
43
105
102
102
103
98
103
99
103
93
89
101
94
80
85
94
79
75
85
88
86
90
89
84
84
82
85
95
89
86
82
85
87
87
84
92
82
85
88
92
90
77
88
86
87
93
82
93
96
88
90
105
102
102
103
98
103
99
103
93
89
101
94
80
85
94
79
75
85
88
86
90
89
84
84
82
85
95
89
86
82
85
87
87
84
92
82
85
88
92
90
77
88
86
87
93
82
93
96
88
90
105
102
102
103
98
103
99
103
93
89
101
94
80
85
94
79
75
85
88
86
90
89
84
84
82
85
95
89
86
82
85
87
87
84
92
82
85
88
92
90
77
88
86
87
93
82
93
96
88
90
105
102
102
103
98
103
99
103
93
89
101
94
80
85
94
79
75
85
88
86
90
89
84
84
82
85
95
89
86
82
85
87
87
84
92
82
85
88
92
90
77
88
86
87
93
82
93
96
88
90
103
103
105
109
107
110
106
107
108
109
109
109
105
108
108
105
105
104
110
104
103
106
107
107
105
106
107
107
106
104
107
103
103
105
104
105
104
103
104
103
106
101
104
102
104
106
105
103
105
104
106
108
103
107
109
103
105
104
106
105
108
106
104
104
106
102
105
106
104
104
102
104
102
104
104
102
102
102
104
103
103
104
104
104
104
106
105
104
106
104
102
103
103
106
106
105
107
105
107
103
106
106
106
108
107
108
106
105
107
105
106
108
109
107
109
104
106
106
104
107
103
102
105
105
104
107
103
105
105
104
105
106
106
103
105
108
103
107
104
103
104
105
103
105
105
104
105
104
102
103
106
108
108
106
109
106
105
109
108
109
108
107
105
108
109
103
105
107
106
107
104
102
106
102
104
104
106
105
108
107
104
104
105
105
105
105
107
105
104
106
105
104
106
105
103
105
105
103
104
103
105
106
104
105
107
105
107
106
105
105
107
106
109
109
106
104
108
109
108
108
107
108
106
107
108
105
107
107
105
107
107
106
107
106
107
103
106
108
105
105
106
104
109
104
107
105
105
102
103
104
102
103
103
102
103
102
103
103
103
101
101
102
103
102
100
103
102
100
100
101
100
100
97
97
90
76
65
60
54
47
44
45
45
37
37
37
37
40
48
51
52
55
54
36
38
32
31
32
31
32
105
102
104
104
107
106
106
106
106
104
102
104
106
106
105
106
103
105
106
105
105
104
105
103
105
103
102
105
104
105
103
104
104
104
103
102
101
104
107
105
101
104
104
105
104
104
101
101
103
103
102
103
103
102
103
102
103
103
103
101
101
102
103
102
100
103
102
100
100
101
100
100
97
97
90
76
65
60
54
47
44
45
45
37
37
37
37
40
48
51
52
55
54
36
38
32
31
32
31
32
105
102
105
106
109
104
106
106
105
106
105
107
108
105
106
107
104
105
104
104
105
106
104
104
105
105
105
103
106
102
106
106
105
106
104
102
103
104
104
105
105
103
101
105
104
104
104
105
106
105
102
103
103
102
103
102
103
103
103
101
101
102
103
102
100
103
102
100
100
101
100
100
97
97
90
76
65
60
54
47
44
45
45
37
37
37
37
40
48
51
52
55
54
36
38
32
31
32
31
32
105
104
105
105
104
106
103
108
106
107
108
105
106
103
106
103
105
105
105
105
104
104
107
106
105
104
104
105
103
102
103
103
104
104
107
104
105
105
104
102
103
106
104
106
103
102
106
102
105
103
102
103
103
102
103
102
103
103
103
101
101
102
103
102
100
103
102
100
100
101
100
100
97
97
90
76
65
60
54
47
44
45
45
37
37
37
37
40
48
51
52
55
54
36
38
32
31
32
31
32
104
102
104
106
107
108
109
108
107
107
108
109
108
109
107
108
109
109
107
108
108
108
108
107
108
106
107
107
108
108
105
108
106
108
106
107
107
110
108
108
108
104
105
105
102
105
105
104
103
105
104
102
101
101
103
101
103
101
100
102
100
100
103
103
104
102
100
101
103
100
100
100
100
100
100
99
84
87
63
65
63
59
47
50
49
54
42
48
52
46
52
48
45
51
53
53
54
48
49
52
106
109
105
104
109
109
109
109
106
108
108
109
109
109
109
109
106
107
106
108
108
105
108
108
108
105
105
104
105
102
106
107
107
103
105
105
105
107
104
105
103
103
105
106
104
104
103
106
102
105
104
102
101
101
103
101
103
101
100
102
100
100
103
103
104
102
100
101
103
100
100
100
100
100
100
99
84
87
63
65
63
59
47
50
49
54
42
48
52
46
52
48
45
51
53
53
54
48
49
52
103
107
107
105
105
110
109
108
107
106
105
108
109
107
106
106
108
105
105
108
109
108
102
107
109
105
106
107
108
105
105
106
105
107
108
106
107
107
106
107
107
108
108
106
107
103
104
105
105
106
104
102
101
101
103
101
103
101
100
102
100
100
103
103
104
102
100
101
103
100
100
100
100
100
100
99
84
87
63
65
63
59
47
50
49
54
42
48
52
46
52
48
45
51
53
53
54
48
49
52
106
105
104
104
105
107
108
106
109
108
106
104
108
110
105
103
104
107
107
107
106
103
106
104
107
106
104
104
104
104
106
104
105
107
102
106
104
104
105
106
105
106
105
104
103
106
106
107
103
104
104
102
101
101
103
101
103
101
100
102
100
100
103
103
104
102
100
101
103
100
100
100
100
100
100
99
84
87
63
65
63
59
47
50
49
54
42
48
52
46
52
48
45
51
53
53
54
48
49
52
102
102
104
105
105
106
105
104
106
104
106
105
104
106
109
105
108
106
103
104
105
107
103
103
101
102
102
103
104
103
106
103
102
100
104
104
105
103
104
102
105
103
103
103
106
104
104
103
99
105
101
102
103
104
105
104
103
105
102
104
102
104
101
102
104
105
103
103
103
103
105
104
101
104
104
103
103
103
104
105
106
107
106
104
102
104
104
105
102
102
101
105
104
102
105
105
103
103
105
100
100
101
101
101
103
100
100
100
91
98
89
101
95
100
100
96
100
100
97
100
102
98
93
97
96
101
95
83
85
92
85
88
84
69
77
76
91
93
84
84
89
89
87
77
77
89
83
76
76
83
102
102
104
105
105
106
105
104
106
104
106
105
104
106
109
105
108
106
103
104
105
107
103
103
101
102
102
103
104
103
106
103
102
100
104
104
105
103
104
102
105
103
103
103
106
104
104
103
99
105
102
102
104
105
105
106
105
104
106
104
106
105
104
106
109
105
108
106
103
104
105
107
103
103
101
102
102
103
104
103
106
103
102
100
104
104
105
103
104
102
105
103
103
103
106
104
104
103
99
105
102
103
104
102
103
105
106
106
104
104
108
103
104
106
103
104
107
106
106
104
104
106
108
102
101
105
102
105
103
104
104
104
105
102
104
104
102
104
101
103
105
105
106
104
103
103
104
104
104
104
104
103
104
107
102
108
105
106
107
104
103
106
105
108
108
107
108
106
105
107
105
104
101
104
104
106
106
104
107
107
105
106
106
104
104
104
104
105
105
104
105
104
104
103
104
103
104
106
105
105
104
103
104
107
102
108
105
106
107
104
103
106
105
108
108
107
108
106
105
107
105
104
101
104
104
106
106
104
107
107
105
106
106
104
104
104
104
105
105
104
105
104
104
103
104
103
104
106
105
105
104
103
104
107
102
108
105
106
107
104
103
106
105
108
108
107
108
106
105
107
105
104
101
104
104
106
106
104
107
107
105
106
106
104
104
104
104
105
105
104
105
104
104
103
104
103
104
106
105
105
103
106
105
102
103
105
104
104
102
105
104
105
106
104
104
108
105
104
106
103
106
107
104
101
103
104
102
104
105
104
106
105
104
106
106
106
103
103
105
104
105
107
107
102
107
105
106
104
103
105
104
105
104
105
106
105
104
104
103
103
104
104
105
101
105
104
104
104
102
102
90
103
104
103
96
103
105
105
104
101
104
102
103
106
104
102
104
99
97
99
104
104
103
107
106
102
104
104
102
106
104
105
104
105
106
105
104
104
103
103
104
104
105
101
105
104
104
104
102
102
90
103
104
103
96
103
105
105
104
101
104
102
103
106
104
102
104
99
97
99
104
104
103
107
106
102
104
104
102
106
104
105
104
105
106
105
104
104
103
103
104
104
105
101
105
104
104
104
102
102
90
103
104
103
96
103
105
105
104
101
104
102
103
106
104
102
104
99
97
99
104
104
103
107
106
102
104
104
102
106
105
103
103
102
105
105
105
103
106
105
103
106
104
101
105
105
103
103
102
101
104
103
105
103
102
102
106
100
103
104
104
104
102
95
103
105
103
103
103
105
107
104
102
98
98
102
95
103
103
103
95
104
102
103
100
103
101
101
97
103
102
98
102
103
105
106
105
95
105
103
103
98
95
97
95
97
101
104
101
100
99
97
95
97
96
101
104
102
97
104
104
103
100
100
103
102
95
96
105
95
95
104
102
103
100
103
101
101
97
103
102
98
102
103
105
106
105
95
105
103
103
98
95
97
95
97
101
104
101
100
99
97
95
97
96
101
104
102
97
104
104
103
100
100
103
102
95
96
105
95
101
104
103
102
105
105
106
104
104
106
106
103
109
105
106
102
104
106
106
104
105
106
102
103
104
103
102
104
102
104
103
105
107
102
106
101
106
100
105
105
101
102
105
101
103
105
103
104
104
103
95
104
102
103
100
103
101
101
97
103
102
98
102
103
105
106
105
95
105
103
103
98
95
97
95
97
101
104
101
100
99
97
95
97
96
101
104
102
97
104
104
103
100
100
103
102
95
96
105
95
95
102
102
104
104
103
105
102
105
102
102
104
103
101
95
98
104
101
101
102
102
105
105
106
102
101
98
104
93
96
98
93
95
101
91
102
103
93
93
98
100
102
105
