cap101
3883226133
3905771349
3883226133
3883226133
cap102
3883231133
3905781349
3883231133
3883231133
cap103
3883236133
3905791349
3883236133
3883236133
cap104
3883243633
3905806349
3883243633
3883243633
cap121
4232019267
4389753451
4173793835
4148374586
cap122
4232034267
4389768451
4173813835
4148394586
cap123
4232049267
4389783451
4173833835
4148414586
cap124
4232071767
4389805951
4173863835
4148444586
cap131
3905771349
3883226133
3883226133
3883226133
cap132
3905781349
3883231133
3883231133
3883231133
cap133
3905791349
3883236133
3883236133
3883236133
cap134
3905806349
3883243633
3883243633
3883243633
cap61
4688622204
5298866664
4688622204
4688622204
cap62
4688642204
5298886664
4688642204
4688642204
cap63
4688662204
5298906664
4688662204
4688662204
cap64
4688692204
5298936664
4688692204
4688692204
cap71
4879355523
4879355523
4879355523
4879355523
cap72
4879360523
4879360523
4879360523
4879360523
cap73
4879365523
4879365523
4879365523
4879365523
cap74
4879373023
4879373023
4879373023
4879373023
cap91
4148374586
4482431259
4148374586
4148374586
cap92
4148394586
4482451259
4148394586
4148394586
cap93
4148414586
4482471259
4148414586
4148414586
cap94
4148444586
4482501259
4148444586
4148444586
capa1
637791950
854499439
601553011
592682090
capa1_1
562916152
650496756
564846905
550874958
capa1_2
539851502
585759915
530024623
517630947
capa1_3
504760520
540144937
502094063
496042506
capa1_4
487568801
499674662
479734499
476058064
capa1_5
319679881
334319971
319150347
314977699
capa1_6
NaN
NaN
NaN
NaN
capa2
552746281
608215324
564190374
549875356
capa2_1
319679881
334319971
319150347
314977699
capa3
558245494
628718515
565206541
548567551
capa3_1
319679881
334319971
319150347
314977699
capa4
561983642
585476214
565994749
549274065
capa4_1
319679881
334319971
319150347
314977699
capb1
485050126
573937858
515800404
482274224
capb1_1
255173559
327278058
255190316
252480772
capb2
554545800
596549562
571402270
522879924
capb2_1
255173559
327278058
255190316
252480772
capb3
599487077
644310544
567207409
553037619
capb3_1
255173559
327278058
255190316
252480772
capb4
574113961
618514586
557470944
538713398
capb4_1
255173559
327278058
255190316
252480772
pn56
539561
558317
545098
539561
pn56_1
473513
516454
475103
473513
pn56_2
420850
454914
420850
420850
pn57
544361
563117
549898
544361
pn58
555561
574317
561098
555561
pn59
554274
566985
554219
548421
pn60
617133
649680
617133
624254
pn61
620433
652980
620433
627554
pn62
628133
660680
628133
635254
pn63
630796
656013
630555
623281
pn64
720930
794567
727851
720930
pn65
723330
796967
730251
723330
pn66
728930
802567
735851
728930
pn67
607508
636133
617831
607508
pn68
706588
717045
706588
702643
pn69
709288
719745
709288
705343
pn69_1
659685
695321
659685
659572
pn69_2
NaN
NaN
NaN
NaN
pn70
715588
726045
715588
711643
pn71
709660
723558
709660
709660
