102
94
87
80
89
79
77
80
74
76
72
71
73
70
64
70
61
57
60
67
66
68
65
65
69
68
64
70
61
61
63
67
66
59
67
62
70
67
62
62
66
65
66
62
62
62
61
71
70
61
102
94
87
80
89
79
77
80
74
76
72
71
73
70
64
70
61
57
60
67
66
68
65
65
69
68
64
70
61
61
63
67
66
59
67
62
70
67
62
62
66
65
66
62
62
62
61
71
70
61
102
94
87
80
89
79
77
80
74
76
72
71
73
70
64
70
61
57
60
67
66
68
65
65
69
68
64
70
61
61
63
67
66
59
67
62
70
67
62
62
66
65
66
62
62
62
61
71
70
61
102
94
87
80
89
79
77
80
74
76
72
71
73
70
64
70
61
57
60
67
66
68
65
65
69
68
64
70
61
61
63
67
66
59
67
62
70
67
62
62
66
65
66
62
62
62
61
71
70
61
106
101
105
103
103
106
106
105
103
105
104
97
102
102
94
94
94
103
91
93
100
102
96
94
91
96
90
89
101
84
87
78
94
91
88
85
100
92
81
80
76
86
83
86
82
97
88
89
91
90
106
101
105
103
103
106
106
105
103
105
104
97
102
102
94
94
94
103
91
93
100
102
96
94
91
96
90
89
101
84
87
78
94
91
88
85
100
92
81
80
76
86
83
86
82
97
88
89
91
90
106
101
105
103
103
106
106
105
103
105
104
97
102
102
94
94
94
103
91
93
100
102
96
94
91
96
90
89
101
84
87
78
94
91
88
85
100
92
81
80
76
86
83
86
82
97
88
89
91
90
106
101
105
103
103
106
106
105
103
105
104
97
102
102
94
94
94
103
91
93
100
102
96
94
91
96
90
89
101
84
87
78
94
91
88
85
100
92
81
80
76
86
83
86
82
97
88
89
91
90
104
101
94
81
85
76
81
83
82
79
70
76
73
74
79
76
71
77
71
75
80
83
81
75
68
67
68
67
63
73
64
78
75
69
75
66
67
72
77
71
69
64
65
61
66
64
65
62
65
72
104
101
94
81
85
76
81
83
82
79
70
76
73
74
79
76
71
77
71
75
80
83
81
75
68
67
68
67
63
73
64
78
75
69
75
66
67
72
77
71
69
64
65
61
66
64
65
62
65
72
104
101
94
81
85
76
81
83
82
79
70
76
73
74
79
76
71
77
71
75
80
83
81
75
68
67
68
67
63
73
64
78
75
69
75
66
67
72
77
71
69
64
65
61
66
64
65
62
65
72
104
101
94
81
85
76
81
83
82
79
70
76
73
74
79
76
71
77
71
75
80
83
81
75
68
67
68
67
63
73
64
78
75
69
75
66
67
72
77
71
69
64
65
61
66
64
65
62
65
72
103
105
98
91
80
77
68
65
63
68
66
63
55
61
53
55
51
51
56
60
52
58
57
58
55
51
55
51
56
60
53
54
58
59
57
59
58
53
51
57
59
57
55
54
52
53
53
56
55
53
103
105
98
91
80
77
68
65
63
68
66
63
55
61
53
55
51
51
56
60
52
58
57
58
55
51
55
51
56
60
53
54
58
59
57
59
58
53
51
57
59
57
55
54
52
53
53
56
55
53
103
105
98
91
80
77
68
65
63
68
66
63
55
61
53
55
51
51
56
60
52
58
57
58
55
51
55
51
56
60
53
54
58
59
57
59
58
53
51
57
59
57
55
54
52
53
53
56
55
53
103
105
98
91
80
77
68
65
63
68
66
63
55
61
53
55
51
51
56
60
52
58
57
58
55
51
55
51
56
60
53
54
58
59
57
59
58
53
51
57
59
57
55
54
52
53
53
56
55
53
82
89
67
62
65
64
60
64
57
63
72
74
69
67
54
54
52
50
54
53
56
53
58
58
60
51
52
56
53
53
58
53
60
54
50
56
52
52
48
52
51
45
48
47
54
54
53
45
48
44
82
89
67
62
65
64
60
64
57
63
72
74
69
67
54
54
52
50
54
53
56
53
58
58
60
51
52
56
53
53
58
53
60
54
50
56
52
52
48
52
51
45
48
47
54
54
53
45
48
44
82
89
67
62
65
64
60
64
57
63
72
74
69
67
54
54
52
50
54
53
56
53
58
58
60
51
52
56
53
53
58
53
60
54
50
56
52
52
48
52
51
45
48
47
54
54
53
45
48
44
82
89
67
62
65
64
60
64
57
63
72
74
69
67
54
54
52
50
54
53
56
53
58
58
60
51
52
56
53
53
58
53
60
54
50
56
52
52
48
52
51
45
48
47
54
54
53
45
48
44
105
103
105
107
105
106
103
103
103
102
99
92
84
83
83
82
76
78
82
84
74
82
87
83
87
89
92
92
79
89
102
89
93
95
82
88
78
76
81
75
90
95
91
97
80
84
83
79
70
65
105
103
105
107
105
106
103
103
103
102
99
92
84
83
83
82
76
78
82
84
74
82
87
83
87
89
92
92
79
89
102
89
93
95
82
88
78
76
81
75
90
95
91
97
80
84
83
79
70
65
105
103
105
107
105
106
103
103
103
102
99
92
84
83
83
82
76
78
82
84
74
82
87
83
87
89
92
92
79
89
102
89
93
95
82
88
78
76
81
75
90
95
91
97
80
84
83
79
70
65
105
103
105
107
105
106
103
103
103
102
99
92
84
83
83
82
76
78
82
84
74
82
87
83
87
89
92
92
79
89
102
89
93
95
82
88
78
76
81
75
90
95
91
97
80
84
83
79
70
65
105
105
107
105
109
105
105
107
109
107
107
107
105
107
108
108
109
106
105
107
107
107
106
108
108
106
108
108
105
103
107
107
105
103
107
105
109
106
107
106
106
104
106
108
101
105
108
107
107
109
104
106
106
107
107
106
108
107
109
107
107
104
107
106
108
106
104
106
105
106
103
105
104
103
103
101
104
103
104
104
106
103
103
103
103
104
104
103
103
104
103
108
102
102
103
104
103
104
106
103
105
105
103
106
107
105
106
107
108
104
105
106
103
104
106
106
106
107
105
106
105
105
102
102
104
104
104
104
107
105
105
107
106
107
103
106
106
104
105
104
105
103
104
104
108
105
106
105
105
105
106
105
104
105
106
107
106
106
108
108
105
106
103
105
109
106
106
107
108
108
105
108
106
101
104
106
103
103
105
102
104
103
106
101
103
103
104
103
106
103
104
104
101
105
104
103
102
104
105
104
107
107
102
105
106
107
110
109
104
105
108
106
105
110
107
108
108
107
105
107
104
105
107
108
106
108
108
105
107
104
106
104
104
106
103
103
102
106
103
103
103
104
106
104
104
103
104
102
105
105
103
104
102
101
102
102
102
103
101
101
103
102
102
104
104
102
100
101
103
100
103
103
102
103
102
101
100
102
100
100
100
101
95
95
99
100
101
90
95
93
92
94
99
89
101
101
101
101
100
99
105
103
107
107
107
109
106
105
107
107
108
105
108
104
106
106
107
105
107
103
104
107
105
102
107
106
106
108
105
106
107
104
107
104
105
103
106
105
105
105
103
105
106
106
106
106
104
106
106
107
103
104
102
101
102
102
102
103
101
101
103
102
102
104
104
102
100
101
103
100
103
103
102
103
102
101
100
102
100
100
100
101
95
95
99
100
101
90
95
93
92
94
99
89
101
101
101
101
100
99
105
107
106
104
107
108
103
107
106
109
103
107
107
107
106
105
105
108
106
104
104
105
104
103
104
102
102
107
102
104
106
106
104
105
104
105
104
106
102
103
104
102
102
103
103
103
106
106
103
103
103
104
102
101
102
102
102
103
101
101
103
102
102
104
104
102
100
101
103
100
103
103
102
103
102
101
100
102
100
100
100
101
95
95
99
100
101
90
95
93
92
94
99
89
101
101
101
101
100
99
105
106
106
106
105
105
104
103
108
107
103
107
105
104
103
106
105
104
108
106
106
105
106
104
104
106
104
106
104
102
105
106
106
105
104
107
103
104
103
104
103
102
105
103
102
101
104
100
104
103
103
104
102
101
102
102
102
103
101
101
103
102
102
104
104
102
100
101
103
100
103
103
102
103
102
101
100
102
100
100
100
101
95
95
99
100
101
90
95
93
92
94
99
89
101
101
101
101
100
99
105
106
105
106
107
109
110
106
110
108
108
106
108
108
108
108
107
109
107
107
107
109
110
109
109
107
110
108
109
107
106
108
107
108
109
106
107
104
103
106
108
107
105
106
108
105
107
104
106
108
102
101
101
102
100
102
102
102
103
102
102
101
103
102
101
102
103
101
101
101
102
102
102
103
101
102
100
101
102
100
101
101
100
101
95
90
100
101
96
100
88
70
76
75
80
84
79
97
96
91
104
105
107
107
107
107
106
109
106
106
105
108
107
107
104
106
104
107
103
104
103
105
105
104
102
106
105
104
105
105
100
103
104
103
104
107
104
106
105
105
103
103
101
106
105
104
106
104
103
103
102
101
101
102
100
102
102
102
103
102
102
101
103
102
101
102
103
101
101
101
102
102
102
103
101
102
100
101
102
100
101
101
100
101
95
90
100
101
96
100
88
70
76
75
80
84
79
97
96
91
102
105
105
107
104
108
108
108
107
108
106
105
105
106
107
106
108
109
108
106
105
105
106
102
103
104
106
107
105
102
103
104
104
102
106
103
104
103
105
105
108
104
105
105
107
105
106
105
104
104
102
101
101
102
100
102
102
102
103
102
102
101
103
102
101
102
103
101
101
101
102
102
102
103
101
102
100
101
102
100
101
101
100
101
95
90
100
101
96
100
88
70
76
75
80
84
79
97
96
91
103
106
105
107
106
109
104
110
108
106
109
107
109
104
109
105
106
105
105
105
103
103
107
103
104
105
107
104
104
104
105
102
103
107
106
105
105
104
104
107
107
104
104
106
106
105
103
103
103
104
102
101
101
102
100
102
102
102
103
102
102
101
103
102
101
102
103
101
101
101
102
102
102
103
101
102
100
101
102
100
101
101
100
101
95
90
100
101
96
100
88
70
76
75
80
84
79
97
96
91
102
104
104
103
105
104
102
104
102
103
104
103
102
103
102
106
104
95
104
98
102
102
104
103
102
103
104
105
103
106
104
107
107
106
102
100
103
104
104
104
105
101
104
100
106
96
105
104
102
99
101
101
103
100
103
104
103
107
102
104
103
105
102
104
104
103
103
103
105
106
105
104
102
104
102
103
106
104
103
102
103
104
103
104
102
102
101
102
102
103
103
104
104
105
100
101
103
104
101
104
101
102
101
101
101
101
101
100
100
97
96
100
92
79
87
85
84
89
83
89
93
90
88
93
92
87
97
96
92
82
90
89
90
100
92
86
74
91
80
84
85
87
85
85
98
100
97
81
86
89
102
104
104
103
105
104
102
104
102
103
104
103
102
103
102
106
104
95
104
98
102
102
104
103
102
103
104
105
103
106
104
107
107
106
102
100
103
104
104
104
105
101
104
100
106
96
105
104
102
99
102
104
104
103
105
104
102
104
102
103
104
103
102
103
102
106
104
95
104
98
102
102
104
103
102
103
104
105
103
106
104
107
107
106
102
100
103
104
104
104
105
101
104
100
106
96
105
104
102
99
101
103
106
106
103
107
108
106
106
104
104
103
104
105
104
104
105
105
106
106
104
108
106
105
105
104
104
102
103
104
105
103
106
105
106
101
104
103
104
105
105
106
106
103
105
101
97
104
106
97
104
103
103
104
104
103
102
106
107
103
104
103
106
105
103
106
105
105
104
104
105
105
107
106
105
106
107
104
105
107
104
105
103
102
103
103
104
104
107
106
104
104
104
108
104
103
102
105
105
102
104
103
103
104
104
103
102
106
107
103
104
103
106
105
103
106
105
105
104
104
105
105
107
106
105
106
107
104
105
107
104
105
103
102
103
103
104
104
107
106
104
104
104
108
104
103
102
105
105
102
104
103
103
104
104
103
102
106
107
103
104
103
106
105
103
106
105
105
104
104
105
105
107
106
105
106
107
104
105
107
104
105
103
102
103
103
104
104
107
106
104
104
104
108
104
103
102
105
105
102
105
103
104
104
105
105
106
104
105
106
103
102
103
104
104
105
107
104
107
102
103
108
106
105
105
102
104
103
104
103
104
106
104
103
105
105
105
106
103
106
106
104
106
104
106
104
103
105
105
104
103
104
103
104
104
106
104
105
105
102
102
104
105
105
105
105
105
105
104
104
106
106
105
104
102
104
104
108
104
105
106
105
106
106
106
104
107
104
105
108
103
108
105
106
106
106
104
106
103
105
103
104
103
104
104
106
104
105
105
102
102
104
105
105
105
105
105
105
104
104
106
106
105
104
102
104
104
108
104
105
106
105
106
106
106
104
107
104
105
108
103
108
105
106
106
106
104
106
103
105
103
104
103
104
104
106
104
105
105
102
102
104
105
105
105
105
105
105
104
104
106
106
105
104
102
104
104
108
104
105
106
105
106
106
106
104
107
104
105
108
103
108
105
106
106
106
104
106
103
105
103
104
104
102
105
106
105
109
107
107
101
103
103
108
103
104
106
102
107
107
107
106
104
104
103
105
104
103
107
104
106
104
105
105
105
104
105
107
105
107
103
107
105
105
106
103
104
102
108
106
100
105
104
103
102
102
103
105
105
105
103
104
103
103
103
108
106
105
104
106
107
104
104
96
104
89
103
107
106
105
102
99
101
100
99
104
104
103
104
105
105
103
108
108
104
103
103
102
103
106
100
105
104
103
102
102
103
105
105
105
103
104
103
103
103
108
106
105
104
106
107
104
104
96
104
89
103
107
106
105
102
99
101
100
99
104
104
103
104
105
105
103
108
108
104
103
103
102
103
106
104
102
104
103
104
105
103
104
103
103
104
103
104
107
107
104
106
104
104
102
104
101
104
102
101
105
104
102
101
104
103
102
101
103
103
102
108
108
106
102
106
104
103
102
103
108
103
105
102
104
100
105
104
103
102
102
103
105
105
105
103
104
103
103
103
108
106
105
104
106
107
104
104
96
104
89
103
107
106
105
102
99
101
100
99
104
104
103
104
105
105
103
108
108
104
103
103
102
103
106
100
106
104
106
103
104
104
104
105
108
105
105
