cap101
3883226133
4462022464
3883226133
3883226133
cap102
3883231133
4462032464
3883231133
3883231133
cap103
3883236133
4462042464
3883236133
3883236133
cap104
3883243633
4462057464
3883243633
3883243633
cap121
4148374586
4656713648
4210560133
4148374586
cap122
4148394586
4656733648
4210580133
4148394586
cap123
4148414586
4656753648
4210600133
4148414586
cap124
4148444586
4656783648
4210630133
4148444586
cap131
3883226133
3883226133
3883226133
3883226133
cap132
3883231133
3883231133
3883231133
3883231133
cap133
3883236133
3883236133
3883236133
3883236133
cap134
3883243633
3883243633
3883243633
3883243633
cap61
4688622204
4688622204
4688622204
4688622204
cap62
4688642204
4688642204
4688642204
4688642204
cap63
4688662204
4688662204
4688662204
4688662204
cap64
4688692204
4688692204
4688692204
4688692204
cap71
4879355523
4879355523
4879355523
4879355523
cap72
4879360523
4879360523
4879360523
4879360523
cap73
4879365523
4879365523
4879365523
4879365523
cap74
4879373023
4879373023
4879373023
4879373023
cap91
4148374586
4148374586
4148374586
4148374586
cap92
4148394586
4148394586
4148394586
4148394586
cap93
4148414586
4148414586
4148414586
4148414586
cap94
4148444586
4148444586
4148444586
4148444586
capa1
629216912
678066001
616082892
600302594
capa1_1
557229304
596007567
564733344
547068228
capa1_2
534483708
564189303
533591495
518870878
capa1_3
508745072
520131429
505782747
496817077
capa1_4
479989495
512444151
491154825
472816338
capa1_5
316734656
326005424
321366554
314581276
capa1_6
NaN
NaN
NaN
NaN
capa2
565625862
596294460
568974668
547068228
capa2_1
316734656
326005424
321366554
314581276
capa3
568735787
582450011
561275641
550103284
capa3_1
316734656
326005424
321366554
314581276
capa4
558386761
584523836
559403815
549475939
capa4_1
316734656
326005424
321366554
314581276
capb1
529273544
552286157
511110303
484215054
capb1_1
253914024
296596186
255228675
252484290
capb2
547375465
663596785
541173874
507459631
capb2_1
253914024
296596186
255228675
252484290
capb3
580886394
686526715
571377073
554421804
capb3_1
253914024
296596186
255228675
252484290
capb4
560936891
601979712
552969712
538713398
capb4_1
253914024
296596186
255228675
252484290
pn56
539561
NaN
540282
539561
pn56_1
473513
483513
473513
473513
pn56_2
420850
478407
420850
420850
pn57
544361
NaN
545082
544361
pn58
555561
NaN
556282
555561
pn59
548902
NaN
554274
548421
pn60
625338
640796
623433
617133
pn61
628638
644096
626733
620433
pn62
636338
651796
634433
628133
pn63
630796
650607
623281
623281
pn64
720930
744778
739120
720930
pn65
723330
747178
741520
723330
pn66
728930
752778
747120
728930
pn67
607508
667383
614555
607508
pn68
702643
706588
702643
702643
pn69
705343
709288
705343
705343
pn69_1
659572
668074
661180
659572
pn69_2
NaN
NaN
NaN
NaN
pn70
711643
715588
711643
711643
pn71
709660
713192
709660
709660
