cap101
3883226133
3883226133
3883226133
3883226133
cap102
3883231133
3883231133
3883231133
3883231133
cap103
3883236133
3883236133
3883236133
3883236133
cap104
3883243633
3883243633
3883243633
3883243633
cap121
4148374586
4386311272
4296824363
4148374586
cap122
4148394586
4386331272
4296844363
4148394586
cap123
4148414586
4386351272
4296864363
4148414586
cap124
4148444586
4386381272
4296894363
4148444586
cap131
3883226133
3883226133
3883226133
3883226133
cap132
3883231133
3883231133
3883231133
3883231133
cap133
3883236133
3883236133
3883236133
3883236133
cap134
3883243633
3883243633
3883243633
3883243633
cap61
4688622204
4688622204
4688622204
4688622204
cap62
4688642204
4688642204
4688642204
4688642204
cap63
4688662204
4688662204
4688662204
4688662204
cap64
4688692204
4688692204
4688692204
4688692204
cap71
4879355523
4879355523
4879355523
4879355523
cap72
4879360523
4879360523
4879360523
4879360523
cap73
4879365523
4879365523
4879365523
4879365523
cap74
4879373023
4879373023
4879373023
4879373023
cap91
4148374586
4252151348
4148374586
4148374586
cap92
4148394586
4252166348
4148394586
4148394586
cap93
4148414586
4252181348
4148414586
4148414586
cap94
4148444586
4252203848
4148444586
4148444586
capa1
631162769
713457318
618792144
592254965
capa1_1
568831248
621712470
561939185
549205376
capa1_2
539097552
559146067
536287209
518636615
capa1_3
510728505
534692236
511673675
495822316
capa1_4
479616338
529967352
488152695
470304778
capa1_5
319488550
319310465
320316744
314581276
capa1_6
NaN
NaN
NaN
NaN
capa2
565243825
589274987
554993441
547068228
capa2_1
319488550
319310465
320316744
314581276
capa3
557719451
598240120
552647578
547794517
capa3_1
319488550
319310465
320316744
314581276
capa4
565961994
585525704
556057374
547068228
capa4_1
319488550
319310465
320316744
314581276
capb1
496231108
626211242
501711889
475470765
capb1_1
255629719
295051723
254053806
252480772
capb2
526250336
653536624
565216170
514023007
capb2_1
255629719
295051723
254053806
252480772
capb3
576011983
607290084
587038950
553266510
capb3_1
255629719
295051723
254053806
252480772
capb4
553156892
634648281
559225838
539552627
capb4_1
255629719
295051723
254053806
252480772
pn56
542720
566794
545098
539561
pn56_1
473513
479043
474860
473513
pn56_2
420850
466003
420850
420850
pn57
547520
571594
549898
544361
pn58
558720
582794
561098
555561
pn59
554192
572999
548902
548421
pn60
617133
662368
624469
617133
pn61
620433
665668
627769
620433
pn62
628133
673368
635469
628133
pn63
623281
686390
623281
630796
pn64
720930
767315
720930
720930
pn65
723330
769715
723330
723330
pn66
728930
775315
728930
728930
pn67
614555
694683
622286
607508
pn68
702643
722899
706588
702643
pn69
705343
725599
709288
705343
pn69_1
661180
663046
659572
659572
pn69_2
NaN
NaN
NaN
NaN
pn70
711643
731899
715588
711643
pn71
709660
729607
709660
709660
