102
95
85
82
78
70
67
61
64
66
69
71
81
74
72
67
76
67
72
77
69
69
75
70
74
65
72
73
72
72
76
66
69
61
65
56
50
57
58
61
62
64
62
66
67
62
69
73
65
70
102
95
85
82
78
70
67
61
64
66
69
71
81
74
72
67
76
67
72
77
69
69
75
70
74
65
72
73
72
72
76
66
69
61
65
56
50
57
58
61
62
64
62
66
67
62
69
73
65
70
102
95
85
82
78
70
67
61
64
66
69
71
81
74
72
67
76
67
72
77
69
69
75
70
74
65
72
73
72
72
76
66
69
61
65
56
50
57
58
61
62
64
62
66
67
62
69
73
65
70
102
95
85
82
78
70
67
61
64
66
69
71
81
74
72
67
76
67
72
77
69
69
75
70
74
65
72
73
72
72
76
66
69
61
65
56
50
57
58
61
62
64
62
66
67
62
69
73
65
70
104
103
102
103
106
105
107
106
108
105
104
103
104
103
100
93
101
105
107
105
105
103
103
103
103
105
104
106
103
106
106
86
103
104
107
96
99
102
106
107
106
103
107
99
104
109
103
106
105
105
104
103
102
103
106
105
107
106
108
105
104
103
104
103
100
93
101
105
107
105
105
103
103
103
103
105
104
106
103
106
106
86
103
104
107
96
99
102
106
107
106
103
107
99
104
109
103
106
105
105
104
103
102
103
106
105
107
106
108
105
104
103
104
103
100
93
101
105
107
105
105
103
103
103
103
105
104
106
103
106
106
86
103
104
107
96
99
102
106
107
106
103
107
99
104
109
103
106
105
105
104
103
102
103
106
105
107
106
108
105
104
103
104
103
100
93
101
105
107
105
105
103
103
103
103
105
104
106
103
106
106
86
103
104
107
96
99
102
106
107
106
103
107
99
104
109
103
106
105
105
102
97
88
88
73
80
77
79
73
72
70
70
70
71
63
61
64
64
57
58
63
61
62
61
67
62
64
72
70
70
65
62
59
58
64
65
54
65
61
57
61
55
62
70
73
64
64
63
71
69
102
97
88
88
73
80
77
79
73
72
70
70
70
71
63
61
64
64
57
58
63
61
62
61
67
62
64
72
70
70
65
62
59
58
64
65
54
65
61
57
61
55
62
70
73
64
64
63
71
69
102
97
88
88
73
80
77
79
73
72
70
70
70
71
63
61
64
64
57
58
63
61
62
61
67
62
64
72
70
70
65
62
59
58
64
65
54
65
61
57
61
55
62
70
73
64
64
63
71
69
102
97
88
88
73
80
77
79
73
72
70
70
70
71
63
61
64
64
57
58
63
61
62
61
67
62
64
72
70
70
65
62
59
58
64
65
54
65
61
57
61
55
62
70
73
64
64
63
71
69
105
105
105
98
95
87
88
91
73
76
72
75
62
65
68
70
56
63
66
59
62
65
66
70
65
53
56
57
53
54
55
57
55
55
62
56
56
51
58
54
56
54
56
54
55
62
57
58
53
57
105
105
105
98
95
87
88
91
73
76
72
75
62
65
68
70
56
63
66
59
62
65
66
70
65
53
56
57
53
54
55
57
55
55
62
56
56
51
58
54
56
54
56
54
55
62
57
58
53
57
105
105
105
98
95
87
88
91
73
76
72
75
62
65
68
70
56
63
66
59
62
65
66
70
65
53
56
57
53
54
55
57
55
55
62
56
56
51
58
54
56
54
56
54
55
62
57
58
53
57
105
105
105
98
95
87
88
91
73
76
72
75
62
65
68
70
56
63
66
59
62
65
66
70
65
53
56
57
53
54
55
57
55
55
62
56
56
51
58
54
56
54
56
54
55
62
57
58
53
57
85
76
72
65
66
62
56
60
63
52
60
55
56
51
61
60
59
56
55
47
51
46
49
48
44
46
46
47
47
46
48
51
49
52
50
52
51
53
48
50
49
46
48
49
51
44
48
46
44
51
85
76
72
65
66
62
56
60
63
52
60
55
56
51
61
60
59
56
55
47
51
46
49
48
44
46
46
47
47
46
48
51
49
52
50
52
51
53
48
50
49
46
48
49
51
44
48
46
44
51
85
76
72
65
66
62
56
60
63
52
60
55
56
51
61
60
59
56
55
47
51
46
49
48
44
46
46
47
47
46
48
51
49
52
50
52
51
53
48
50
49
46
48
49
51
44
48
46
44
51
85
76
72
65
66
62
56
60
63
52
60
55
56
51
61
60
59
56
55
47
51
46
49
48
44
46
46
47
47
46
48
51
49
52
50
52
51
53
48
50
49
46
48
49
51
44
48
46
44
51
105
106
105
103
101
106
104
99
99
103
103
103
96
85
97
89
89
86
85
81
77
82
89
86
82
83
85
91
90
81
79
78
76
72
79
93
93
93
85
68
85
78
89
87
93
91
88
93
89
90
105
106
105
103
101
106
104
99
99
103
103
103
96
85
97
89
89
86
85
81
77
82
89
86
82
83
85
91
90
81
79
78
76
72
79
93
93
93
85
68
85
78
89
87
93
91
88
93
89
90
105
106
105
103
101
106
104
99
99
103
103
103
96
85
97
89
89
86
85
81
77
82
89
86
82
83
85
91
90
81
79
78
76
72
79
93
93
93
85
68
85
78
89
87
93
91
88
93
89
90
105
106
105
103
101
106
104
99
99
103
103
103
96
85
97
89
89
86
85
81
77
82
89
86
82
83
85
91
90
81
79
78
76
72
79
93
93
93
85
68
85
78
89
87
93
91
88
93
89
90
103
109
105
104
108
108
110
109
107
109
107
106
109
107
108
106
105
106
108
104
108
108
104
106
105
104
106
107
107
103
107
106
108
108
107
105
107
103
105
105
106
102
105
104
107
103
105
104
105
105
104
104
105
105
107
107
107
110
107
107
107
107
107
107
109
106
107
109
109
110
107
107
107
107
107
109
107
107
107
108
105
108
108
106
107
103
104
104
104
104
105
104
106
105
100
102
102
106
104
105
106
104
106
105
108
105
105
107
107
108
108
108
107
107
103
105
105
106
103
104
108
107
106
106
105
104
104
102
104
104
107
106
105
105
107
106
103
106
103
104
104
104
105
104
106
105
104
105
103
105
106
106
105
108
106
107
107
105
106
107
108
107
107
102
108
107
104
105
102
102
105
104
106
102
105
103
105
105
105
107
105
105
103
104
105
103
104
102
106
104
105
103
104
107
106
104
105
107
106
107
103
107
105
106
104
107
105
107
104
106
106
105
105
104
106
107
104
108
104
105
106
103
106
103
104
103
105
102
105
107
103
105
105
106
105
104
104
105
102
102
106
105
103
102
104
107
101
103
104
107
103
100
103
101
103
103
101
100
104
101
104
102
103
101
104
102
103
103
103
103
101
102
102
100
101
103
105
103
102
103
102
101
101
103
103
101
100
100
102
100
101
100
101
101
100
102
101
101
102
101
104
103
105
107
105
105
105
107
107
107
104
105
104
102
108
102
107
105
103
105
103
105
103
104
102
103
108
107
104
103
104
106
105
105
107
100
103
106
104
103
102
105
103
104
103
104
104
104
103
105
103
100
103
101
103
103
101
100
104
101
104
102
103
101
104
102
103
103
103
103
101
102
102
100
101
103
105
103
102
103
102
101
101
103
103
101
100
100
102
100
101
100
101
101
100
102
101
101
102
101
106
104
104
106
106
105
106
107
106
106
106
107
105
104
106
106
105
104
103
104
104
104
105
107
103
102
101
104
103
101
105
100
103
103
102
103
104
104
104
100
105
105
104
105
100
102
100
103
107
102
103
100
103
101
103
103
101
100
104
101
104
102
103
101
104
102
103
103
103
103
101
102
102
100
101
103
105
103
102
103
102
101
101
103
103
101
100
100
102
100
101
100
101
101
100
102
101
101
102
101
105
104
104
104
108
106
107
108
107
104
107
106
106
105
105
108
108
102
104
104
104
102
103
104
104
104
102
104
105
104
104
105
104
104
104
104
100
105
102
104
102
104
104
102
105
106
103
106
105
103
103
100
103
101
103
103
101
100
104
101
104
102
103
101
104
102
103
103
103
103
101
102
102
100
101
103
105
103
102
103
102
101
101
103
103
101
100
100
102
100
101
100
101
101
100
102
101
101
102
101
102
106
106
105
107
109
108
110
109
107
109
109
106
108
108
109
108
109
108
109
108
108
108
108
106
107
106
108
109
108
109
107
108
110
108
105
106
108
105
109
105
107
109
105
104
105
108
107
106
108
103
100
103
100
102
102
103
101
101
100
102
100
102
102
103
101
102
101
101
101
100
102
102
103
101
102
101
103
102
102
102
98
100
100
88
94
101
101
101
100
102
95
102
99
94
102
103
100
100
98
102
105
109
108
108
108
106
108
109
107
109
109
109
108
109
108
108
109
109
107
107
110
106
108
108
109
107
106
108
107
107
107
105
108
106
104
105
106
107
105
106
105
106
109
105
104
105
104
106
106
103
100
103
100
102
102
103
101
101
100
102
100
102
102
103
101
102
101
101
101
100
102
102
103
101
102
101
103
102
102
102
98
100
100
88
94
101
101
101
100
102
95
102
99
94
102
103
100
100
98
105
108
105
106
106
108
106
107
107
109
108
105
105
106
108
108
108
105
107
107
104
106
106
107
104
105
106
106
107
106
106
105
102
105
106
105
105
108
105
104
104
105
105
104
105
103
105
106
105
99
103
100
103
100
102
102
103
101
101
100
102
100
102
102
103
101
102
101
101
101
100
102
102
103
101
102
101
103
102
102
102
98
100
100
88
94
101
101
101
100
102
95
102
99
94
102
103
100
100
98
103
104
107
108
107
106
104
104
107
106
108
104
106
107
105
108
107
107
108
105
105
105
106
106
107
105
104
103
104
103
102
104
101
105
102
107
101
104
103
102
102
102
103
103
105
104
104
103
100
101
103
100
103
100
102
102
103
101
101
100
102
100
102
102
103
101
102
101
101
101
100
102
102
103
101
102
101
103
102
102
102
98
100
100
88
94
101
101
101
100
102
95
102
99
94
102
103
100
100
98
100
102
104
104
107
106
103
106
105
106
103
106
106
105
105
106
105
106
106
107
105
105
104
105
105
105
105
106
104
105
104
105
104
106
106
106
108
107
107
108
107
105
105
106
105
107
105
107
104
105
101
103
104
107
107
103
105
101
105
104
107
101
103
105
103
105
102
104
106
102
101
105
104
102
104
105
102
104
104
103
103
103
103
102
102
103
107
103
103
104
103
103
101
103
103
103
101
103
102
101
101
101
103
101
101
100
94
99
103
100
94
95
90
97
99
90
79
86
90
87
96
99
86
100
89
90
78
69
93
77
75
79
85
91
90
87
88
89
85
86
75
73
88
81
89
91
96
91
97
101
100
102
104
104
107
106
103
106
105
106
103
106
106
105
105
106
105
106
106
107
105
105
104
105
105
105
105
106
104
105
104
105
104
106
106
106
108
107
107
108
107
105
105
106
105
107
105
107
104
105
100
102
104
104
107
106
103
106
105
106
103
106
106
105
105
106
105
106
106
107
105
105
104
105
105
105
105
106
104
105
104
105
104
106
106
106
108
107
107
108
107
105
105
106
105
107
105
107
104
105
102
105
105
104
106
105
108
109
106
104
105
105
105
104
108
106
106
107
105
106
106
104
107
103
104
108
106
105
106
104
104
107
107
107
104
103
107
103
105
107
106
105
108
105
107
107
103
104
105
104
107
104
104
102
103
107
103
105
102
104
103
104
104
106
103
105
106
106
105
106
104
105
102
103
105
105
106
104
103
104
103
107
103
108
104
104
105
107
105
103
105
107
106
107
107
106
106
106
106
104
107
104
104
102
103
107
103
105
102
104
103
104
104
106
103
105
106
106
105
106
104
105
102
103
105
105
106
104
103
104
103
107
103
108
104
104
105
107
105
103
105
107
106
107
107
106
106
106
106
104
107
104
104
102
103
107
103
105
102
104
103
104
104
106
103
105
106
106
105
106
104
105
102
103
105
105
106
104
103
104
103
107
103
108
104
104
105
107
105
103
105
107
106
107
107
106
106
106
106
104
104
107
104
106
103
103
105
105
103
105
105
103
104
105
107
105
103
104
106
107
104
107
105
106
105
106
105
107
106
104
105
105
104
106
104
109
104
105
107
107
107
105
108
107
107
107
105
106
104
105
105
106
104
107
103
106
106
104
105
102
109
106
104
102
106
98
105
105
102
104
103
99
106
103
105
106
99
103
101
104
103
103
103
103
104
103
104
106
102
101
104
103
105
103
103
101
98
102
103
98
105
106
104
107
103
106
106
104
105
102
109
106
104
102
106
98
105
105
102
104
103
99
106
103
105
106
99
103
101
104
103
103
103
103
104
103
104
106
102
101
104
103
105
103
103
101
98
102
103
98
105
106
104
107
103
106
106
104
105
102
109
106
104
102
106
98
105
105
102
104
103
99
106
103
105
106
99
103
101
104
103
103
103
103
104
103
104
106
102
101
104
103
105
103
103
101
98
102
103
98
104
102
104
103
101
107
104
103
105
106
106
103
106
103
106
104
102
102
105
103
104
96
95
102
98
89
99
96
94
101
104
101
106
102
94
100
87
80
88
90
96
96
87
87
92
95
88
92
95
89
95
102
103
107
101
105
104
104
102
99
102
103
105
100
103
102
106
106
102
106
100
100
101
101
105
100
100
104
107
104
97
102
100
101
105
105
105
104
102
102
94
104
93
101
104
100
103
103
101
105
95
102
103
107
101
105
104
104
102
99
102
103
105
100
103
102
106
106
102
106
100
100
101
101
105
100
100
104
107
104
97
102
100
101
105
105
105
104
102
102
94
104
93
101
104
100
103
103
101
105
103
103
102
103
103
105
103
103
104
103
105
104
103
102
106
103
104
104
103
102
103
102
103
105
104
104
102
106
101
104
102
103
105
102
106
101
103
104
104
103
102
102
103
104
104
104
105
103
102
105
95
102
103
107
101
105
104
104
102
99
102
103
105
100
103
102
106
106
102
106
100
100
101
101
105
100
100
104
107
104
97
102
100
