cap101
3883226133
4039708410
3883226133
3883226133
cap102
3883231133
4039718410
3883231133
3883231133
cap103
3883236133
4039728410
3883236133
3883236133
cap104
3883243633
4039743410
3883243633
3883243633
cap121
4210560133
4362663094
4148374586
4148374586
cap122
4210580133
4362683094
4148394586
4148394586
cap123
4210600133
4362703094
4148414586
4148414586
cap124
4210630133
4362733094
4148444586
4148444586
cap131
3883226133
3883226133
3883226133
3883226133
cap132
3883231133
3883231133
3883231133
3883231133
cap133
3883236133
3883236133
3883236133
3883236133
cap134
3883243633
3883243633
3883243633
3883243633
cap61
4688622204
4688622204
4688622204
4688622204
cap62
4688642204
4688642204
4688642204
4688642204
cap63
4688662204
4688662204
4688662204
4688662204
cap64
4688692204
4688692204
4688692204
4688692204
cap71
4879355523
4879355523
4879355523
4879355523
cap72
4879360523
4879360523
4879360523
4879360523
cap73
4879365523
4879365523
4879365523
4879365523
cap74
4879373023
4879373023
4879373023
4879373023
cap91
4148374586
4460404432
4148374586
4148374586
cap92
4148394586
4460424432
4148394586
4148394586
cap93
4148414586
4460444432
4148414586
4148414586
cap94
4148444586
4460474432
4148444586
4148444586
capa1
610510766
727426421
617738338
591071351
capa1_1
569211644
641864789
570370002
547800584
capa1_2
531798749
583346116
533333444
516554128
capa1_3
504072892
553558384
508885266
497600242
capa1_4
477398300
553922677
481525065
474754010
capa1_5
316572787
322663067
318321452
314581276
capa1_6
NaN
NaN
NaN
NaN
capa2
564578089
568307710
559398093
547068228
capa2_1
316572787
322663067
318321452
314581276
capa3
577634886
588174250
560653403
547794517
capa3_1
316572787
322663067
318321452
314581276
capa4
552440930
590855564
559091521
547794517
capa4_1
316572787
322663067
318321452
314581276
capb1
518871976
553339689
522182016
486069402
capb1_1
255186108
298933097
254020997
252480772
capb2
577968264
645541309
572448555
515783269
capb2_1
255186108
303365944
254020997
252480772
capb3
562039240
811498572
571436420
553399609
capb3_1
255186108
303365944
254020997
252480772
capb4
546261744
602766967
541802426
547121536
capb4_1
255186108
303365944
254020997
252480772
pn56
546870
561165
543225
539561
pn56_1
474860
478470
473513
473513
pn56_2
420850
499236
420850
420850
pn57
551670
565965
548025
544361
pn58
562870
577165
559225
555561
pn59
551070
560019
548421
548421
pn60
617133
642845
624254
624254
pn61
620433
646145
627554
627554
pn62
628133
653845
635254
635254
pn63
631071
639606
632102
623281
pn64
720930
780372
720930
720930
pn65
723330
782772
723330
723330
pn66
728930
788372
728930
728930
pn67
607508
644347
620875
607508
pn68
706588
702643
702643
702643
pn69
709288
705343
705343
705343
pn69_1
659572
702723
659572
659572
pn69_2
NaN
NaN
NaN
NaN
pn70
715588
711643
711643
711643
pn71
709660
709660
709660
709660
