100
91
76
73
81
76
74
70
63
68
67
61
66
66
65
67
65
60
75
70
70
66
61
56
57
51
52
61
59
63
60
59
59
65
66
57
61
60
57
53
60
58
51
54
54
63
57
63
67
59
100
91
76
73
81
76
74
70
63
68
67
61
66
66
65
67
65
60
75
70
70
66
61
56
57
51
52
61
59
63
60
59
59
65
66
57
61
60
57
53
60
58
51
54
54
63
57
63
67
59
100
91
76
73
81
76
74
70
63
68
67
61
66
66
65
67
65
60
75
70
70
66
61
56
57
51
52
61
59
63
60
59
59
65
66
57
61
60
57
53
60
58
51
54
54
63
57
63
67
59
100
91
76
73
81
76
74
70
63
68
67
61
66
66
65
67
65
60
75
70
70
66
61
56
57
51
52
61
59
63
60
59
59
65
66
57
61
60
57
53
60
58
51
54
54
63
57
63
67
59
103
102
103
101
102
104
103
106
103
106
98
100
98
100
91
93
87
86
87
96
96
100
100
101
99
93
86
96
105
99
100
96
93
93
97
99
98
92
92
98
105
98
101
100
96
102
103
85
98
102
103
102
103
101
102
104
103
106
103
106
98
100
98
100
91
93
87
86
87
96
96
100
100
101
99
93
86
96
105
99
100
96
93
93
97
99
98
92
92
98
105
98
101
100
96
102
103
85
98
102
103
102
103
101
102
104
103
106
103
106
98
100
98
100
91
93
87
86
87
96
96
100
100
101
99
93
86
96
105
99
100
96
93
93
97
99
98
92
92
98
105
98
101
100
96
102
103
85
98
102
103
102
103
101
102
104
103
106
103
106
98
100
98
100
91
93
87
86
87
96
96
100
100
101
99
93
86
96
105
99
100
96
93
93
97
99
98
92
92
98
105
98
101
100
96
102
103
85
98
102
101
97
88
80
76
87
74
73
78
76
72
69
71
80
69
78
75
73
61
70
67
66
72
73
70
71
65
68
72
69
71
67
70
63
61
65
66
63
61
66
59
67
71
56
64
65
69
75
62
64
101
97
88
80
76
87
74
73
78
76
72
69
71
80
69
78
75
73
61
70
67
66
72
73
70
71
65
68
72
69
71
67
70
63
61
65
66
63
61
66
59
67
71
56
64
65
69
75
62
64
101
97
88
80
76
87
74
73
78
76
72
69
71
80
69
78
75
73
61
70
67
66
72
73
70
71
65
68
72
69
71
67
70
63
61
65
66
63
61
66
59
67
71
56
64
65
69
75
62
64
101
97
88
80
76
87
74
73
78
76
72
69
71
80
69
78
75
73
61
70
67
66
72
73
70
71
65
68
72
69
71
67
70
63
61
65
66
63
61
66
59
67
71
56
64
65
69
75
62
64
104
105
101
94
93
76
74
69
64
63
61
53
54
58
57
57
52
58
53
53
56
58
53
53
55
53
59
55
61
56
58
56
56
57
58
58
61
59
58
54
57
54
56
56
53
55
50
57
52
60
104
105
101
94
93
76
74
69
64
63
61
53
54
58
57
57
52
58
53
53
56
58
53
53
55
53
59
55
61
56
58
56
56
57
58
58
61
59
58
54
57
54
56
56
53
55
50
57
52
60
104
105
101
94
93
76
74
69
64
63
61
53
54
58
57
57
52
58
53
53
56
58
53
53
55
53
59
55
61
56
58
56
56
57
58
58
61
59
58
54
57
54
56
56
53
55
50
57
52
60
104
105
101
94
93
76
74
69
64
63
61
53
54
58
57
57
52
58
53
53
56
58
53
53
55
53
59
55
61
56
58
56
56
57
58
58
61
59
58
54
57
54
56
56
53
55
50
57
52
60
86
74
67
65
63
58
59
55
57
56
56
53
53
52
53
58
61
56
58
58
52
53
53
53
55
59
61
66
54
61
56
61
65
59
60
61
59
57
60
50
48
48
42
43
44
43
55
62
62
54
86
74
67
65
63
58
59
55
57
56
56
53
53
52
53
58
61
56
58
58
52
53
53
53
55
59
61
66
54
61
56
61
65
59
60
61
59
57
60
50
48
48
42
43
44
43
55
62
62
54
86
74
67
65
63
58
59
55
57
56
56
53
53
52
53
58
61
56
58
58
52
53
53
53
55
59
61
66
54
61
56
61
65
59
60
61
59
57
60
50
48
48
42
43
44
43
55
62
62
54
86
74
67
65
63
58
59
55
57
56
56
53
53
52
53
58
61
56
58
58
52
53
53
53
55
59
61
66
54
61
56
61
65
59
60
61
59
57
60
50
48
48
42
43
44
43
55
62
62
54
102
104
102
105
106
106
105
106
103
98
87
90
94
92
88
83
91
78
77
91
81
84
90
86
91
82
78
88
83
80
92
90
91
83
78
84
82
82
67
79
69
80
78
82
78
85
85
81
82
89
102
104
102
105
106
106
105
106
103
98
87
90
94
92
88
83
91
78
77
91
81
84
90
86
91
82
78
88
83
80
92
90
91
83
78
84
82
82
67
79
69
80
78
82
78
85
85
81
82
89
102
104
102
105
106
106
105
106
103
98
87
90
94
92
88
83
91
78
77
91
81
84
90
86
91
82
78
88
83
80
92
90
91
83
78
84
82
82
67
79
69
80
78
82
78
85
85
81
82
89
102
104
102
105
106
106
105
106
103
98
87
90
94
92
88
83
91
78
77
91
81
84
90
86
91
82
78
88
83
80
92
90
91
83
78
84
82
82
67
79
69
80
78
82
78
85
85
81
82
89
108
106
108
108
108
108
106
108
108
110
105
108
106
108
107
104
105
106
104
108
105
104
107
106
104
106
108
105
108
105
108
107
105
108
106
107
102
104
107
108
109
107
106
105
103
103
103
105
105
107
104
103
106
107
105
104
106
107
106
108
105
108
107
108
106
109
107
105
109
109
105
106
107
107
104
108
107
106
105
106
105
105
106
106
104
102
104
105
107
104
108
104
103
104
106
105
105
103
104
104
106
104
107
107
104
105
107
104
108
108
108
107
103
103
106
107
106
107
106
107
105
105
105
104
106
107
103
106
106
106
107
106
106
106
104
104
101
103
105
105
103
104
105
104
104
103
107
103
106
104
107
106
106
104
108
108
108
106
106
107
107
104
106
107
107
104
106
106
106
105
103
104
106
107
104
104
105
102
108
103
108
106
105
109
105
104
102
102
104
105
101
104
105
104
104
105
105
101
103
102
104
107
104
106
108
106
106
107
106
105
108
106
108
106
106
105
103
108
105
104
105
103
105
105
104
105
104
105
106
105
104
105
107
104
105
106
103
105
105
107
105
101
104
106
106
103
102
102
103
107
103
103
103
102
101
102
103
101
103
103
103
101
102
101
104
103
103
101
102
103
104
101
103
100
100
102
101
100
102
101
103
100
101
90
100
103
100
100
102
103
104
101
101
100
103
93
99
100
101
101
104
107
102
106
108
103
105
106
105
105
105
104
104
106
106
107
103
105
107
108
108
106
103
101
106
106
104
107
105
104
103
104
106
103
106
105
105
105
105
104
106
103
104
102
107
107
103
101
103
102
103
103
103
102
101
102
103
101
103
103
103
101
102
101
104
103
103
101
102
103
104
101
103
100
100
102
101
100
102
101
103
100
101
90
100
103
100
100
102
103
104
101
101
100
103
93
99
100
101
101
104
104
103
106
106
104
106
108
105
107
110
104
105
103
104
104
108
103
105
104
105
105
102
108
106
105
107
104
106
105
103
101
102
101
106
105
105
102
106
105
104
104
103
104
104
103
102
103
108
102
103
103
103
102
101
102
103
101
103
103
103
101
102
101
104
103
103
101
102
103
104
101
103
100
100
102
101
100
102
101
103
100
101
90
100
103
100
100
102
103
104
101
101
100
103
93
99
100
101
101
107
104
105
105
104
105
107
105
107
107
108
105
105
106
106
107
108
105
105
109
106
109
106
106
106
106
102
106
106
105
102
102
103
101
103
103
104
108
104
105
102
105
103
105
104
108
107
105
105
102
103
103
103
102
101
102
103
101
103
103
103
101
102
101
104
103
103
101
102
103
104
101
103
100
100
102
101
100
102
101
103
100
101
90
100
103
100
100
102
103
104
101
101
100
103
93
99
100
101
101
103
105
105
106
107
104
109
109
107
108
109
105
107
108
108
109
108
108
107
107
109
107
107
107
109
106
107
107
105
107
108
106
106
108
108
110
110
107
108
107
106
108
107
108
107
103
109
107
105
104
101
103
102
102
103
102
101
103
101
102
102
101
101
102
101
101
103
101
103
101
103
105
103
101
103
101
104
103
101
101
101
103
102
100
103
101
101
103
102
101
101
100
102
101
100
102
103
104
101
102
104
103
106
107
108
109
108
108
107
106
108
109
109
108
110
109
106
110
109
107
108
109
105
107
107
108
105
108
107
107
109
109
107
110
110
108
108
109
107
107
108
108
107
108
107
108
107
105
109
107
101
103
102
102
103
102
101
103
101
102
102
101
101
102
101
101
103
101
103
101
103
105
103
101
103
101
104
103
101
101
101
103
102
100
103
101
101
103
102
101
101
100
102
101
100
102
103
104
101
102
104
108
105
104
107
109
109
109
109
108
107
107
107
107
107
108
106
103
108
106
108
105
104
107
106
106
107
107
109
106
107
107
107
105
106
103
104
109
107
106
103
106
106
108
106
106
103
107
104
105
101
103
102
102
103
102
101
103
101
102
102
101
101
102
101
101
103
101
103
101
103
105
103
101
103
101
104
103
101
101
101
103
102
100
103
101
101
103
102
101
101
100
102
101
100
102
103
104
101
102
103
107
107
106
109
107
108
109
109
107
110
108
108
106
108
106
109
109
107
106
106
109
109
105
108
106
106
106
109
108
106
106
106
103
107
105
108
109
107
108
107
108
107
103
105
106
107
105
105
107
101
103
102
102
103
102
101
103
101
102
102
101
101
102
101
101
103
101
103
101
103
105
103
101
103
101
104
103
101
101
101
103
102
100
103
101
101
103
102
101
101
100
102
101
100
102
103
104
101
102
101
104
106
103
103
105
108
108
105
104
104
108
108
106
107
106
105
104
102
106
106
105
104
103
102
104
102
104
102
106
107
104
108
104
104
106
105
103
105
107
107
108
105
103
106
106
104
105
108
103
100
101
102
103
104
102
104
104
105
102
102