cap101
3883226133
3883226133
3883226133
3883226133
cap102
3883231133
3883231133
3883231133
3883231133
cap103
3883236133
3883236133
3883236133
3883236133
cap104
3883243633
3883243633
3883243633
3883243633
cap121
4173793835
4575914912
4173793835
4148374586
cap122
4173813835
4575934912
4173813835
4148394586
cap123
4173833835
4575954912
4173833835
4148414586
cap124
4173863835
4575984912
4173863835
4148444586
cap131
3883226133
3883226133
3883226133
3883226133
cap132
3883231133
3883231133
3883231133
3883231133
cap133
3883236133
3883236133
3883236133
3883236133
cap134
3883243633
3883243633
3883243633
3883243633
cap61
4688622204
4843215576
4688622204
4688622204
cap62
4688642204
4843230576
4688642204
4688642204
cap63
4688662204
4843245576
4688662204
4688662204
cap64
4688692204
4843268076
4688692204
4688692204
cap71
4879355523
4879355523
4879355523
4879355523
cap72
4879360523
4879360523
4879360523
4879360523
cap73
4879365523
4879365523
4879365523
4879365523
cap74
4879373023
4879373023
4879373023
4879373023
cap91
4148374586
4356660545
4148374586
4148374586
cap92
4148394586
4356675545
4148394586
4148394586
cap93
4148414586
4356690545
4148414586
4148414586
cap94
4148444586
4356713045
4148444586
4148444586
capa1
618550374
846505210
604965090
589318621
capa1_1
555355301
609195554
557993049
550444004
capa1_2
530800104
553212754
525959639
516359718
capa1_3
508555729
524853148
504971145
493872777
capa1_4
488500332
508232446
483549725
474766348
capa1_5
315509704
320603131
318336590
314581276
capa1_6
NaN
NaN
NaN
NaN
capa2
557788865
608624874
557815000
547068228
capa2_1
315509704
320603131
318336590
314581276
capa3
560413702
617783034
554341402
547794517
capa3_1
315509704
320603131
318336590
314581276
capa4
561269679
583269115
561347442
549927817
capa4_1
315509704
320603131
318336590
314581276
capb1
504127957
563468688
499818425
480006506
capb1_1
254159894
309673088
254602115
252768290
capb2
557677220
674489019
540151825
507215852
capb2_1
254159894
309673088
254602115
252768290
capb3
587151742
622944985
567605194
553542464
capb3_1
254159894
309673088
254602115
252768290
capb4
575286251
573694841
564365572
538713398
capb4_1
254159894
309673088
254602115
252768290
pn56
539561
572308
545098
539561
pn56_1
473513
479384
473513
473513
pn56_2
420850
480275
420850
420850
pn57
544361
577108
549898
544361
