103
82
87
80
79
80
62
61
58
60
65
63
61
59
66
62
60
52
59
58
75
70
68
68
74
72
64
69
67
72
70
69
63
55
55
60
55
54
63
59
62
57
54
57
51
57
57
62
55
53
103
82
87
80
79
80
62
61
58
60
65
63
61
59
66
62
60
52
59
58
75
70
68
68
74
72
64
69
67
72
70
69
63
55
55
60
55
54
63
59
62
57
54
57
51
57
57
62
55
53
103
82
87
80
79
80
62
61
58
60
65
63
61
59
66
62
60
52
59
58
75
70
68
68
74
72
64
69
67
72
70
69
63
55
55
60
55
54
63
59
62
57
54
57
51
57
57
62
55
53
103
82
87
80
79
80
62
61
58
60
65
63
61
59
66
62
60
52
59
58
75
70
68
68
74
72
64
69
67
72
70
69
63
55
55
60
55
54
63
59
62
57
54
57
51
57
57
62
55
53
103
104
105
102
105
105
105
105
107
103
95
91
87
100
103
94
91
94
80
97
102
88
85
104
100
92
81
97
86
96
106
103
98
93
95
94
94
93
94
93
101
105
94
91
99
98
84
100
89
101
103
104
105
102
105
105
105
105
107
103
95
91
87
100
103
94
91
94
80
97
102
88
85
104
100
92
81
97
86
96
106
103
98
93
95
94
94
93
94
93
101
105
94
91
99
98
84
100
89
101
103
104
105
102
105
105
105
105
107
103
95
91
87
100
103
94
91
94
80
97
102
88
85
104
100
92
81
97
86
96
106
103
98
93
95
94
94
93
94
93
101
105
94
91
99
98
84
100
89
101
103
104
105
102
105
105
105
105
107
103
95
91
87
100
103
94
91
94
80
97
102
88
85
104
100
92
81
97
86
96
106
103
98
93
95
94
94
93
94
93
101
105
94
91
99
98
84
100
89
101
103
93
89
87
76
71
77
71
75
75
87
83
73
65
74
70
71
68
67
70
76
72
66
66
69
75
80
64
61
62
70
76
72
78
70
74
75
70
76
75
69
72
61
67
65
63
65
62
62
66
103
93
89
87
76
71
77
71
75
75
87
83
73
65
74
70
71
68
67
70
76
72
66
66
69
75
80
64
61
62
70
76
72
78
70
74
75
70
76
75
69
72
61
67
65
63
65
62
62
66
103
93
89
87
76
71
77
71
75
75
87
83
73
65
74
70
71
68
67
70
76
72
66
66
69
75
80
64
61
62
70
76
72
78
70
74
75
70
76
75
69
72
61
67
65
63
65
62
62
66
103
93
89
87
76
71
77
71
75
75
87
83
73
65
74
70
71
68
67
70
76
72
66
66
69
75
80
64
61
62
70
76
72
78
70
74
75
70
76
75
69
72
61
67
65
63
65
62
62
66
105
102
102
83
73
75
67
69
62
52
54
55
52
58
55
52
56
57
55
56
56
54
52
56
54
58
56
54
50
53
52
49
54
48
58
57
57
57
55
59
60
57
50
55
56
50
57
55
53
57
105
102
102
83
73
75
67
69
62
52
54
55
52
58
55
52
56
57
55
56
56
54
52
56
54
58
56
54
50
53
52
49
54
48
58
57
57
57
55
59
60
57
50
55
56
50
57
55
53
57
105
102
102
83
73
75
67
69
62
52
54
55
52
58
55
52
56
57
55
56
56
54
52
56
54
58
56
54
50
53
52
49
54
48
58
57
57
57
55
59
60
57
50
55
56
50
57
55
53
57
105
102
102
83
73
75
67
69
62
52
54
55
52
58
55
52
56
57
55
56
56
54
52
56
54
58
56
54
50
53
52
49
54
48
58
57
57
57
55
59
60
57
50
55
56
50
57
55
53
57
87
76
65
67
59
66
68
67
66
66
57
54
68
59
56
60
61
62
55
62
61
57
66
61
60
58
64
60
51
52
51
48
50
48
54
52
44
46
45
48
50
50
47
46
46
44
43
48
54
46
87
76
65
67
59
66
68
67
66
66
57
54
68
59
56
60
61
62
55
62
61
57
66
61
60
58
64
60
51
52
51
48
50
48
54
52
44
46
45
48
50
50
47
46
46
44
43
48
54
46
87
76
65
67
59
66
68
67
66
66
57
54
68
59
56
60
61
62
55
62
61
57
66
61
60
58
64
60
51
52
51
48
50
48
54
52
44
46
45
48
50
50
47
46
46
44
43
48
54
46
87
76
65
67
59
66
68
67
66
66
57
54
68
59
56
60
61
62
55
62
61
57
66
61
60
58
64
60
51
52
51
48
50
48
54
52
44
46
45
48
50
50
47
46
46
44
43
48
54
46
107
102
100
105
102
93
101
95
93
88
88
78
72
81
75
71
73
78
84
83
89
96
91
89
88
95
88
94
70
87
85
89
85
88
91
79
87
90
96
87
78
84
90
97
85
99
94
104
93
89
107
102
100
105
102
93
101
95
93
88
88
78
72
81
75
71
73
78
84
83
89
96
91
89
88
95
88
94
70
87
85
89
85
88
91
79
87
90
96
87
78
84
90
97
85
99
94
104
93
89
107
102
100
105
102
93
101
95
93
88
88
78
72
81
75
71
73
78
84
83
89
96
91
89
88
95
88
94
70
87
85
89
85
88
91
79
87
90
96
87
78
84
90
97
85
99
94
104
93
89
107
102
100
105
102
93
101
95
93
88
88
78
72
81
75
71
73
78
84
83
89
96
91
89
88
95
88
94
70
87
85
89
85
88
91
79
87
90
96
87
78
84
90
97
85
99
94
104
93
89
105
107
109
108
107
105
108
107
107
106
106
110
105
109
108
107
108
107
105
105
108
109
105
106
105
106
106
109
106
106
103
105
105
109
107
104
109
109
105
108
107
105
107
108
109
104
104
107
106
106
104
103
107
108
105
108
106
107
108
110
107
106
109
107
108
108
106
107
108
107
109
109
106
109
107
104
107
104
107
106
106
105
105
106
105
107
104
107
103
104
104
103
103
107
106
106
106
104
107
106
103
107
108
106
107
109
106
104
104
109
107
107
104
104
104
103
106
107
106
108
105
106
104
106
102
106
105
105
104
103
104
105
107
105
103
108
104
106
105
106
105
107
107
106
106
106
105
105
108
104
104
104
105
108
104
104
107
106
108
108
107
108
108
104
106
107
107
108
107
103
105
106
108
103
104
108
104
108
103
106
110
107
104
107
108
106
108
109
105
106
104
104
107
102
105
105
106
105
103
105
106
102
107
104
108
105
106
106
108
108
109
107
105
106
107
105
106
109
109
106
106
103
104
103
103
104
107
107
107
108
105
106
109
107
108
107
107
108
107
107
106
107
108
107
104
108
105
106
106
106
106
102
102
103
102
100
102
102
101
101
102
101
103
101
104
102
101
100
101
103
101
103
102
102
103
101
103
103
103
102
103
103
100
96
97
101
101
100
85
67
69
57
53
51
54
53
56
57
54
53
104
108
105
104
106
110
108
106
109
106
105
107
107
108
107
104
108
104
102
104
103
104
107
104
104
106
106
102
103
104
109
105
105
104
105
103
105
106
103
104
103
107
104
102
102
105
106
104
106
106
106
102
102
103
102
100
102
102
101
101
102
101
103
101
104
102
101
100
101
103
101
103
102
102
103
101
103
103
103
102
103
103
100
96
97
101
101
100
85
67
69
57
53
51
54
53
56
57
54
53
106
104
105
105
108
107
104
108
108
106
106
104
108
109
105
108
108
108
108
105
109
108
105
105
104
106
104
108
106
103
103
102
102
103
103
103
103
102
102
104
105
104
106
103
106
101
103
105
107
106
106
102
102
103
102
100
102
102
101
101
102
101
103
101
104
102
101
100
101
103
101
103
102
102
103
101
103
103
103
102
103
103
100
96
97
101
101
100
85
67
69
57
53
51
54
53
56
57
54
53
103
108
108
102
105
107
106
109
108
108
107
109
107
106
108
105
106
107
108
105
107
107
104
106
105
108
105
107
106
106
103
106
106
106
106
106
106
104
106
107
106
105
106
105
104
104
105
105
105
104
106
102
102
103
102
100
102
102
101
101
102
101
103
101
104
102
101
100
101
103
101
103
102
102
103
101
103
103
103
102
103
103
100
96
97
101
101
100
85
67
69
57
53
51
54
53
56
57
54
53
105
107
108
109
107
108
108
109
109
107
107
109
109
107
109
107
109
108
110
107
107
109
110
107
107
107
108
105
105
108
103
106
106
107
107
106
109
108
109
107
105
104
106
106
106
107
104
103
105
105
101
100
102
101
102
101
100
101
102
103
101
101
102
101
102
101
100
101
103
102
102
100
100
101
97
87
94
85
81
82
91
91
93
82
80
88
83
82
95
86
96
100
89
98
81
86
83
78
78
71
106
105
105
106
107
108
108
105
109
107
108
107
108
107
109
107
107
108
109
108
108
106
108
107
109
106
106
106
106
109
107
108
107
108
108
105
106
106
108
105
107
106
105
107
106
103
105
106
104
106
101
100
102
100
101
102
102
104
102
103
101
101
101
101
103
102
101
101
100
103
100
101
100
101
101
100
100
96
100
90
91
93
99
92
69
65
67
77
69
63
70
69
56
51
56
48
54
55
58
65
105
106
106
108
107
107
106
107
107
106
108
107
102
104
107
110
107
105
107
107
107
107
106
103
107
106
104
105
105
108
106
107
108
105
106
108
105
104
106
104
106
107
108
106
106
106
107
107
103
104
101
100
102
100
101
102
102
104
102
103
101
101
101
101
103
102
101
101
100
103
100
101
100
101
101
100
100
96
100
90
91
93
99
92
69
65
67
77
69
63
70
69
56
51
56
48
54
55
58
65
105
102
102
106
106
106
108
105
105
107
108
109
109
108
106
105
105
107
110
107
105
105
108
107
106
106
106
107
104
106
108
107
104
104
108
104
108
108
108
105
107
106
107
106
105
107
105
106
102
103
101
100
102
100
101
102
102
104
102
103
101
101
101
101
103
102
101
101
100
103
100
101
100
101
101
100
100
96
100
90
91
93
99
92
69
65
67
77
69
63
70
69
56
51
56
48
54
55
58
65
102
105
104
103
103
106
105
106
105
103
105
105
104
104
104
104
103
104
105
102
103
104
105
105
104
103
106
104
105
101
106
105
104
102
103
105
103
102
104
103
102
108
104
102
104
104
104
102
103
96
102
103
103
103
104
104
102
106
104
108
103
104
106
103
104
104
106
104
104
104
107
104
104
103
104
104
104
104
103
105
104
104
104
102
103
103
102
103
105
104
104
102
106
104
104
105
106
106
106
105
101
103
102
104
103
101
102
100
101
99
100
100
101
100
101
100
95
91
71
95
97
101
100
96
100
101
95
97
100
101
88
88
95
92
86
85
73
100
90
88
78
85
93
87
84
82
89
103
93
96
102
105
104
103
103
106
105
106
105
103
105
105
104
104
104
104
103
104
105
102
103
104
105
105
104
103
106
104
105
101
106
105
104
102
103
105
103
102
104
103
102
108
104
102
104
104
104
102
103
96
102
105
104
103
103
106
105
106
105
103
105
105
104
104
104
104
103
104
105
102
103
104
105
105
104
103
106
104
105
101
106
105
104
102
103
105
103
102
104
103
102
108
104
102
104
104
104
102
103
96
104
101
105
105
107
104
104
104
106
107
105
102
102
102
105
102
102
103
102
105
105
104
103
103
106
104
102
102
102
101
101
108
105
101
104
106
107
106
103
105
107
108
105
100
107
104
105
105
104
103
106
103
103
106
104
105
104
103
105
104
106
107
107
107
106
106
107
108
106
110
106
107
109
105
108
107
105
107
107
108
108
107
105
108
109
107
108
105
105
106
109
106
106
107
106
107
105
105
106
106
106
103
103
106
104
105
104
103
105
104
106
107
107
107
106
106
107
108
106
110
106
107
109
105
108
107
105
107
107
108
108
107
105
108
109
107
108
105
105
106
109
106
106
107
106
107
105
105
106
106
106
103
103
106
104
105
104
103
105
104
106
107
107
107
106
106
107
108
106
110
106
107
109
105
108
107
105
107
107
108
108
107
105
108
109
107
108
105
105
106
109
106
106
107
106
107
105
105
106
106
104
106
104
108
105
104
102
106
105
106
104
101
102
103
104
104
104
102
105
103
103
104
102
104
102
100
104
105
100
104
99
104
105
99
94
104
104
105
106
101
100
98
85
91
92
90
84
94
102
101
104
105
106
106
104
103
104
107
104
105
108
105
105
103
105
106
108
106
106
101
107
107
106
107
105
106
102
106
108
103
106
96
108
102
108
104
107
106
108
107
106
106
106
105
107
109
105
109
105
105
104
105
106
106
104
103
104
107
104
105
108
105
105
103
105
106
108
106
106
101
107
107
106
107
105
106
102
106
108
103
106
96
108
102
108
104
107
106
108
107
106
106
106
105
107
109
105
109
105
105
104
105
106
106
104
103
104
107
104
105
108
105
105
103
105
106
108
106
106
101
107
107
106
107
105
106
102
106
108
103
106
96
108
102
108
104
107
106
108
107
106
106
106
105
107
109
105
109
105
105
106
103
105
103
102
101
105
105
104
106
106
106
105
105
106
103
107
103
105
105
106
104
106
102
102
104
98
101
105
104
102
88
97
100
95
104
103
103
100
102
102
97
103
103
102
103
100
100
105
104
90
104
107
102
103
101
105
100
104
105
104
92
89
101
90
95
100
96
94
91
94
88
91
98
104
105
102
99
102
101
105
99
92
101
100
90
98
103
98
102
94
102
95
87
96
97
101
96
93
99
90
104
107
102
103
101
105
100
104
105
104
92
89
101
90
95
100
96
94
91
94
88
91
98
104
105
102
99
102
101
105
99
92
101
100
90
98
103
98
102
94
102
95
87
96
97
101
96
93
99
101
103
104
104
105
107
101
103
105
104
105
103
102
104
106
104
102
106
106
105
105
104
103
105
102
104
106
105
102
104
102
105
103
102
102
103
103
104
102
100
102
101
106
104
103
101
101
107
105
105
90
104
107
102
103
101
105
100
104
105
104
92
89
101
90
95
100
96
94
91
94
88
91
98
104
105
102
99
102
101
105
99
92
101
100
90
98
103
98
102
94
102
95
87
96
97
101
96
93
99
90
103
102
103
104
103
104
102
106
106
105
105
104
98
104
101
92
103
103
95
101
102
90
99
101
98
102
103
102
98
100
100
103
102
100
102
97
9