106
92
85
69
77
80
69
72
71
74
68
66
63
59
61
64
68
65
59
69
67
59
57
50
55
53
54
52
52
56
57
56
56
58
60
55
59
60
59
63
63
57
59
60
61
63
62
58
70
64
106
92
85
69
77
80
69
72
71
74
68
66
63
59
61
64
68
65
59
69
67
59
57
50
55
53
54
52
52
56
57
56
56
58
60
55
59
60
59
63
63
57
59
60
61
63
62
58
70
64
106
92
85
69
77
80
69
72
71
74
68
66
63
59
61
64
68
65
59
69
67
59
57
50
55
53
54
52
52
56
57
56
56
58
60
55
59
60
59
63
63
57
59
60
61
63
62
58
70
64
106
92
85
69
77
80
69
72
71
74
68
66
63
59
61
64
68
65
59
69
67
59
57
50
55
53
54
52
52
56
57
56
56
58
60
55
59
60
59
63
63
57
59
60
61
63
62
58
70
64
106
103
103
104
105
107
104
103
105
103
102
96
94
97
93
93
101
94
96
104
104
105
103
105
101
103
94
98
90
88
85
91
86
92
78
86
88
87
77
76
87
96
77
89
94
90
84
95
89
92
106
103
103
104
105
107
104
103
105
103
102
96
94
97
93
93
101
94
96
104
104
105
103
105
101
103
94
98
90
88
85
91
86
92
78
86
88
87
77
76
87
96
77
89
94
90
84
95
89
92
106
103
103
104
105
107
104
103
105
103
102
96
94
97
93
93
101
94
96
104
104
105
103
105
101
103
94
98
90
88
85
91
86
92
78
86
88
87
77
76
87
96
77
89
94
90
84
95
89
92
106
103
103
104
105
107
104
103
105
103
102
96
94
97
93
93
101
94
96
104
104
105
103
105
101
103
94
98
90
88
85
91
86
92
78
86
88
87
77
76
87
96
77
89
94
90
84
95
89
92
104
101
103
90
86
84
82
78
75
71
64
68
65
71
75
73
73
69
64
63
73
69
65
66
66
68
69
60
52
53
65
66
64
62
61
56
67
76
65
70
67
71
66
64
64
71
60
58
66
72
104
101
103
90
86
84
82
78
75
71
64
68
65
71
75
73
73
69
64
63
73
69
65
66
66
68
69
60
52
53
65
66
64
62
61
56
67
76
65
70
67
71
66
64
64
71
60
58
66
72
104
101
103
90
86
84
82
78
75
71
64
68
65
71
75
73
73
69
64
63
73
69
65
66
66
68
69
60
52
53
65
66
64
62
61
56
67
76
65
70
67
71
66
64
64
71
60
58
66
72
104
101
103
90
86
84
82
78
75
71
64
68
65
71
75
73
73
69
64
63
73
69
65
66
66
68
69
60
52
53
65
66
64
62
61
56
67
76
65
70
67
71
66
64
64
71
60
58
66
72
105
106
106
99
94
84
85
79
78
83
75
65
62
72
64
67
59
61
58
64
57
55
54
55
57
55
56
57
59
54
54
53
53
57
52
48
44
48
51
54
54
54
59
58
50
55
58
60
56
51
105
106
106
99
94
84
85
79
78
83
75
65
62
72
64
67
59
61
58
64
57
55
54
55
57
55
56
57
59
54
54
53
53
57
52
48
44
48
51
54
54
54
59
58
50
55
58
60
56
51
105
106
106
99
94
84
85
79
78
83
75
65
62
72
64
67
59
61
58
64
57
55
54
55
57
55
56
57
59
54
54
53
53
57
52
48
44
48
51
54
54
54
59
58
50
55
58
60
56
51
105
106
106
99
94
84
85
79
78
83
75
65
62
72
64
67
59
61
58
64
57
55
54
55
57
55
56
57
59
54
54
53
53
57
52
48
44
48
51
54
54
54
59
58
50
55
58
60
56
51
80
60
59
57
57
61
52
57
56
55
64
56
52
63
60
62
50
56
57
62
55
56
60
59
58
57
60
51
49
52
57
47
47
45
40
43
52
50
50
48
46
46
49
55
53
47
54
54
57
55
80
60
59
57
57
61
52
57
56
55
64
56
52
63
60
62
50
56
57
62
55
56
60
59
58
57
60
51
49
52
57
47
47
45
40
43
52
50
50
48
46
46
49
55
53
47
54
54
57
55
80
60
59
57
57
61
52
57
56
55
64
56
52
63
60
62
50
56
57
62
55
56
60
59
58
57
60
51
49
52
57
47
47
45
40
43
52
50
50
48
46
46
49
55
53
47
54
54
57
55
80
60
59
57
57
61
52
57
56
55
64
56
52
63
60
62
50
56
57
62
55
56
60
59
58
57
60
51
49
52
57
47
47
45
40
43
52
50
50
48
46
46
49
55
53
47
54
54
57
55
103
104
102
104
102
105
105
101
98
103
104
101
97
96
99
97
99
99
92
95
98
89
87
90
102
89
91
93
83
85
78
79
85
92
77
74
80
73
88
84
87
80
78
82
76
72
78
78
78
75
103
104
102
104
102
105
105
101
98
103
104
101
97
96
99
97
99
99
92
95
98
89
87
90
102
89
91
93
83
85
78
79
85
92
77
74
80
73
88
84
87
80
78
82
76
72
78
78
78
75
103
104
102
104
102
105
105
101
98
103
104
101
97
96
99
97
99
99
92
95
98
89
87
90
102
89
91
93
83
85
78
79
85
92
77
74
80
73
88
84
87
80
78
82
76
72
78
78
78
75
103
104
102
104
102
105
105
101
98
103
104
101
97
96
99
97
99
99
92
95
98
89
87
90
102
89
91
93
83
85
78
79
85
92
77
74
80
73
88
84
87
80
78
82
76
72
78
78
78
75
105
103
103
108
108
108
108
108
109
107
106
110
109
107
109
108
109
107
107
110
108
108
109
107
107
108
107
105
105
104
105
105
108
109
104
104
106
107
110
106
107
107
106
107
107
108
105
105
106
106
104
105
107
107
107
106
106
104
110
110
109
110
109
109
109
107
109
109
109
105
105
106
107
103
104
105
105
105
105
103
103
105
107
103
103
107
104
103
102
103
105
103
102
103
107
105
106
106
102
103
104
105
105
105
104
106
108
108
108
107
110
107
110
110
107
105
109
109
105
107
106
107
108
106
107
105
107
107
107
105
105
106
106
107
107
107
106
105
103
103
108
105
104
107
106
104
104
104
104
103
105
103
106
104
106
106
106
105
109
110
109
105
109
106
108
106
106
107
109
106
107
105
107
105
106
107
102
107
105
105
106
103
105
107
105
105
102
102
102
105
101
106
105
103
102
107
101
102
101
104
105
104
107
106
108
106
106
105
103
107
109
108
106
108
104
106
105
108
108
106
106
107
105
104
107
108
105
108
107
106
107
105
105
107
105
104
106
106
109
105
108
108
106
106
106
104
105
106
106
103
101
103
101
101
103
101
103
104
102
102
101
104
102
101
104
104
102
103
101
103
103
102
104
101
104
103
102
105
104
100
102
103
102
100
102
102
100
102
101
95
101
101
102
101
101
101
100
93
101
101
104
103
105
105
105
106
108
103
107
106
106
105
105
105
109
105
104
104
103
105
106
106
104
106
105
106
106
104
105
103
105
106
103
104
104
102
102
105
102
103
106
105
105
104
103
104
102
104
104
105
101
103
101
101
103
101
103
104
102
102
101
104
102
101
104
104
102
103
101
103
103
102
104
101
104
103
102
105
104
100
102
103
102
100
102
102
100
102
101
95
101
101
102
101
101
101
100
93
101
101
104
105
103
103
105
105
108
107
108
107
108
107
106
105
106
104
107
107
107
105
105
106
103
106
109
105
107
104
102
107
107
104
107
104
101
105
102
103
103
104
105
108
104
106
102
105
104
104
106
108
101
103
101
101
103
101
103
104
102
102
101
104
102
101
104
104
102
103
101
103
103
102
104
101
104
103
102
105
104
100
102
103
102
100
102
102
100
102
101
95
101
101
102
101
101
101
100
93
101
101
103
100
106
107
104
103
105
108
106
103
106
107
105
105
104
104
106
109
108
105
103
103
104
104
106
103
107
104
103
107
104
105
103
101
103
104
104
105
106
104
102
104
104
107
105
105
103
103
104
106
101
103
101
101
103
101
103
104
102
102
101
104
102
101
104
104
102
103
101
103
103
102
104
101
104
103
102
105
104
100
102
103
102
100
102
102
100
102
101
95
101
101
102
101
101
101
100
93
101
101
104
104
105
107
106
109
108
109
108
107
108
107
109
109
106
108
109
107
108
110
108
104
105
108
108
108
106
107
107
107
106
107
108
109
105
107
103
108
104
107
104
105
108
110
107
104
107
108
105
107
102
100
101
101
101
103
102
102
101
100
101
102
101
102
103
104
102
103
102
100
105
102
103
102
103
100
100
100
100
90
94
100
81
96
80
82
101
98
100
100
93
82
80
90
97
93
81
80
83
73
104
106
106
107
104
109
105
109
107
108
107
108
109
108
108
108
108
108
110
109
109
108
106
108
108
108
108
107
108
110
110
109
108
110
108
107
107
108
109
110
108
106
108
106
110
109
109
107
107
108
102
100
101
101
101
103
102
102
101
100
101
102
101
102
103
104
102
103
102
100
105
102
103
102
103
100
100
100
100
90
94
100
81
96
80
82
101
98
100
100
93
82
80
90
97
93
81
80
83
73
103
107
108
107
106
108
108
107
108
109
108
106
110
108
108
109
107
105
109
110
109
106
108
108
107
107
108
106
106
107
106
107
107
107
106
106
104
106
107
107
105
105
106
107
103
105
107
107
108
105
102
100
101
101
101
103
102
102
101
100
101
102
101
102
103
104
102
103
102
100
105
102
103
102
103
100
100
100
100
90
94
100
81
96
80
82
101
98
100
100
93
82
80
90
97
93
81
80
83
73
106
105
106
107
104
107
107
105
109
107
108
107
106
106
107
105
108
109
107
109
105
108
105
106
106
103
107
107
107
107
105
105
102
105
105
107
105
104
102
105
101
104
105
103
106
105
103
102
104
104
102
100
101
101
101
103
102
102
101
100
101
102
101
102
103
104
102
103
102
100
105
102
103
102
103
100
100
100
100
90
94
100
81
96
80
82
101
98
100
100
93
82
80
90
97
93
81
80
83
73
102
102
106
104
103
106
103
104
104
106
107
104
108
104
106
107
105
106
104
102
102
103
102
105
103
104
103
105
103
101
101
106
104
106
108
105
99
104
107
99
102
104
103
94
103
105
103
106
103
99
102
102
102
104
104
102
103
106
107
103
106
105
105
104
103
105
103
104
105
105
106
104
104
101
103
103
105
102
104
105
105
106
102
104
107
104
103
105
102
106
101
103
106
106
104
104
105
104
105
105
101
101
100
100
101
101
100
94
92
96
86
88
101
101
101
102
100
97
94
101
89
80
85
92
98
79
81
83
85
76
86
79
86
80
78
82
86
81
80
81
94
97
85
76
82
100
92
82
79
90
102
102
106
104
103
106
103
104
104
106
107
104
108
104
106
107
105
106
104
102
102
103
102
105
103
104
103
105
103
101
101
106
104
106
108
105
99
104
107
99
102
104
103
94
103
105
103
106
103
99
102
102
106
104
103
106
103
104
104
106
107
104
108
104
106
107
105
106
104
102
102
103
102
105
103
104
103
105
103
101
101
106
104
106
108
105
99
104
107
99
102
104
103
94
103
105
103
106
103
99
104
104
101
105
102
104
103
104
106
105
105
105
108
105
103
105
106
109
108
107
105
108
104
106
104
104
105
105
107
105
106
106
105
105
106
103
103
103
104
108
105
105
103
105
103
105
104
106
104
101
105
104
103
104
104
105
103
104
104
103
107
104
104
102
104
105
103
105
104
105
103
103
105
99
104
105
104
98
103
105
104
104
105
105
103
106
104
105
104
105
107
104
106
104
106
103
103
104
102
102
105
104
103
104
104
105
103
104
104
103
107
104
104
102
104
105
103
105
104
105
103
103
105
99
104
105
104
98
103
105
104
104
105
105
103
106
104
105
104
105
107
104
106
104
106
103
103
104
102
102
105
104
103
104
104
105
103
104
104
103
107
104
104
102
104
105
103
105
104
105
103
103
105
99
104
105
104
98
103
105
104
104
105
105
103
106
104
105
104
105
107
104
106
104
106
103
103
104
102
102
105
103
107
104
106
106
103
104
106
103
104
106
107
106
105
106
108
106
103
105
105
107
107
105
105
105
104
105
107
104
106
107
105
107
105
106
106
105
103
106
108
108
107
106
98
106
107
104
107
106
104
105
106
107
103
104
103
105
103
106
108
106
107
106
105
103
104
103
105
102
106
105
107
105
105
107
106
106
107
106
107
105
106
107
106
106
107
106
103
106
104
106
104
103
102
103
105
106
99
104
104
105
106
107
103
104
103
105
103
106
108
106
107
106
105
103
104
103
105
102
106
105
107
105
105
107
106
106
107
106
107
105
106
107
106
106
107
106
103
106
104
106
104
103
102
103
105
106
99
104
104
105
106
107
103
104
103
105
103
106
108
106
107
106
105
103
104
103
105
102
106
105
107
105
105
107
106
106
107
106
107
105
106
107
106
106
107
106
103
106
104
106
104
103
102
103
105
106
99
104
105
107
104
101
103
106
105
105
108
106
102
106
105
105
107
104
103
103
102
103
103
104
104
103
104
98
102
102
90
105
87
104
93
100
101
98
93
89
101
99
105
106
102
101
102
98
97
105
103
104
81
101
104
105
105
103
101
101
104
104
103
104
105
102
103
95
93
89
100
89
104
104
101
103
101
103
100
98
98
90
90
100
102
102
96
104
105
104
102
106
96
102
105
102
103
104
102
104
102
104
81
101
104
105
105
103
101
101
104
104
103
104
105
102
103
95
93
89
100
89
104
104
101
103
101
103
100
98
98
90
90
100
102
102
96
104
105
104
102
106
96
102
105
102
103
104
102
104
102
104
102
102
103
105
104
105
107
104
103
103
103
102
101
105
101
104
100
103
105
104
104
103
103
101
102
103
103
105
104
102
106
104
103
104
102
104
101
104
103
106
103
102
101
102
104
104
102
104
104
101
81
101
104
105
105
103
101
101
104
104
103
104
105
102
103
95
93
89
100
89
104
104
101
103
101
103
100
98
98
90
90
100
102
102
96
104
105
104
102
106
96
102
105
102
103
104
102
104
102
104
81
101
104
103
103
102
102
104
103
103
94
98
102