cap101
3883226133
3905771349
3883226133
3883226133
cap102
3883231133
3905781349
3883231133
3883231133
cap103
3883236133
3905791349
3883236133
3883236133
cap104
3883243633
3905806349
3883243633
3883243633
cap121
4148374586
4670966414
4188078978
4148374586
cap122
4148394586
4670986414
4188098978
4148394586
cap123
4148414586
4671006414
4188118978
4148414586
cap124
4148444586
4671036414
4188148978
4148444586
cap131
3883226133
4475703986
3883226133
3883226133
cap132
3883231133
4475713986
3883231133
3883231133
cap133
3883236133
4475723986
3883236133
3883236133
cap134
3883243633
4475738986
3883243633
3883243633
cap61
4688622204
4688622204
4688622204
4688622204
cap62
4688642204
4688642204
4688642204
4688642204
cap63
4688662204
4688662204
4688662204
4688662204
cap64
4688692204
4688692204
4688692204
4688692204
cap71
4879355523
4879355523
4879355523
4879355523
cap72
4879360523
4879360523
4879360523
4879360523
cap73
4879365523
4879365523
4879365523
4879365523
cap74
4879373023
4879373023
4879373023
4879373023
cap91
4148374586
4348594247
4173793835
4148374586
cap92
4148394586
4348614247
4173813835
4148394586
cap93
4148414586
4348634247
4173833835
4148414586
cap94
4148444586
4348664247
4173863835
4148444586
capa1
607854808
681918097
612135541
589318621
capa1_1
562326241
615124342
567915953
552446335
capa1_2
524294812
556179545
532253531
516359718
capa1_3
500148105
549274795
505312602
494482080
capa1_4
489257202
500166346
489334516
477320610
capa1_5
318243458
354176139
317854013
314792952
capa1_6
NaN
NaN
NaN
NaN
capa2
567013954
579694040
565637900
549065746
capa2_1
318243458
354176139
317854013
314792952
capa3
561413991
586734136
555520676
547934147
capa3_1
318243458
354176139
317854013
314792952
capa4
556685037
632011296
559855504
547068228
capa4_1
318243458
354176139
317854013
314792952
capb1
519479894
570130072
497432173
472378342
capb1_1
253918115
336743451
255126086
252480772
capb2
585167910
682799403
556843309
507565127
capb2_1
253918115
336743451
255126086
252480772
capb3
569856465
672910358
557769154
550959928
capb3_1
253918115
336743451
255126086
252480772
capb4
558240703
624864765
550408177
538712619
capb4_1
253918115
336743451
255126086
252480772
pn56
539561
560546
539561
539561
pn56_1
473513
495049
475103
473513
pn56_2
420850
481385
420850
420850
pn57
544361
565346
544361
544361
pn58
555561
576546
555561
555561
pn59
548902
568977
548421
548421
pn60
617133
641320
624469
624254
pn61
620433
644620
627769
627554
pn62
628133
652320
635469
635254
pn63
623281
648687
630796
629391
pn64
720930
775633
720930
720930
pn65
723330
778033
723330
723330
pn66
728930
783633
728930
728930
pn67
607508
636348
607508
607508
pn68
702643
716169
702643
702643
pn69
705343
718869
705343
705343
pn69_1
659572
693759
659572
659572
pn69_2
NaN
NaN
NaN
NaN
pn70
711643
725169
711643
711643
pn71
709660
709660
713192
709660
