102
84
78
74
72
75
69
68
68
69
74
71
73
65
66
72
58
59
61
65
68
66
69
63
58
66
61
60
68
58
66
71
70
75
61
57
70
70
66
57
57
68
66
67
77
68
65
65
69
66
102
84
78
74
72
75
69
68
68
69
74
71
73
65
66
72
58
59
61
65
68
66
69
63
58
66
61
60
68
58
66
71
70
75
61
57
70
70
66
57
57
68
66
67
77
68
65
65
69
66
102
84
78
74
72
75
69
68
68
69
74
71
73
65
66
72
58
59
61
65
68
66
69
63
58
66
61
60
68
58
66
71
70
75
61
57
70
70
66
57
57
68
66
67
77
68
65
65
69
66
102
84
78
74
72
75
69
68
68
69
74
71
73
65
66
72
58
59
61
65
68
66
69
63
58
66
61
60
68
58
66
71
70
75
61
57
70
70
66
57
57
68
66
67
77
68
65
65
69
66
106
103
104
104
106
100
103
101
104
102
105
99
97
95
95
84
81
82
98
93
92
94
92
88
87
102
95
98
98
88
89
96
82
90
83
87
91
80
79
93
83
88
85
98
97
88
86
91
84
92
106
103
104
104
106
100
103
101
104
102
105
99
97
95
95
84
81
82
98
93
92
94
92
88
87
102
95
98
98
88
89
96
82
90
83
87
91
80
79
93
83
88
85
98
97
88
86
91
84
92
106
103
104
104
106
100
103
101
104
102
105
99
97
95
95
84
81
82
98
93
92
94
92
88
87
102
95
98
98
88
89
96
82
90
83
87
91
80
79
93
83
88
85
98
97
88
86
91
84
92
106
103
104
104
106
100
103
101
104
102
105
99
97
95
95
84
81
82
98
93
92
94
92
88
87
102
95
98
98
88
89
96
82
90
83
87
91
80
79
93
83
88
85
98
97
88
86
91
84
92
101
86
91
92
84
82
86
72
71
73
59
63
63
64
68
62
62
67
60
61
62
62
58
54
56
59
60
56
49
57
63
64
71
73
71
65
64
68
55
54
56
71
66
64
62
66
66
61
62
55
101
86
91
92
84
82
86
72
71
73
59
63
63
64
68
62
62
67
60
61
62
62
58
54
56
59
60
56
49
57
63
64
71
73
71
65
64
68
55
54
56
71
66
64
62
66
66
61
62
55
101
86
91
92
84
82
86
72
71
73
59
63
63
64
68
62
62
67
60
61
62
62
58
54
56
59
60
56
49
57
63
64
71
73
71
65
64
68
55
54
56
71
66
64
62
66
66
61
62
55
101
86
91
92
84
82
86
72
71
73
59
63
63
64
68
62
62
67
60
61
62
62
58
54
56
59
60
56
49
57
63
64
71
73
71
65
64
68
55
54
56
71
66
64
62
66
66
61
62
55
104
101
103
97
101
85
85
62
60
55
57
49
57
56
55
54
54
57
57
54
58
60
59
56
55
58
57
58
53
53
58
54
60
55
57
51
60
54
57
58
54
59
64
58
50
56
55
55
55
54
104
101
103
97
101
85
85
62
60
55
57
49
57
56
55
54
54
57
57
54
58
60
59
56
55
58
57
58
53
53
58
54
60
55
57
51
60
54
57
58
54
59
64
58
50
56
55
55
55
54
104
101
103
97
101
85
85
62
60
55
57
49
57
56
55
54
54
57
57
54
58
60
59
56
55
58
57
58
53
53
58
54
60
55
57
51
60
54
57
58
54
59
64
58
50
56
55
55
55
54
104
101
103
97
101
85
85
62
60
55
57
49
57
56
55
54
54
57
57
54
58
60
59
56
55
58
57
58
53
53
58
54
60
55
57
51
60
54
57
58
54
59
64
58
50
56
55
55
55
54
74
72
69
51
57
56
44
49
46
50
46
48
45
46
41
51
50
48
53
57
55
56
52
47
47
47
47
45
43
52
45
50
45
47
48
53
46
47
54
59
52
47
52
53
47
46
44
43
46
47
74
72
69
51
57
56
44
49
46
50
46
48
45
46
41
51
50
48
53
57
55
56
52
47
47
47
47
45
43
52
45
50
45
47
48
53
46
47
54
59
52
47
52
53
47
46
44
43
46
47
74
72
69
51
57
56
44
49
46
50
46
48
45
46
41
51
50
48
53
57
55
56
52
47
47
47
47
45
43
52
45
50
45
47
48
53
46
47
54
59
52
47
52
53
47
46
44
43
46
47
74
72
69
51
57
56
44
49
46
50
46
48
45
46
41
51
50
48
53
57
55
56
52
47
47
47
47
45
43
52
45
50
45
47
48
53
46
47
54
59
52
47
52
53
47
46
44
43
46
47
107
102
101
95
97
87
104
97
89
85
83
88
93
93
89
81
78
76
83
91
92
84
85
91
88
84
81
96
79
80
84
79
88
90
88
78
83
86
83
86
88
76
84
88
94
90
93
82
85
85
107
102
101
95
97
87
104
97
89
85
83
88
93
93
89
81
78
76
83
91
92
84
85
91
88
84
81
96
79
80
84
79
88
90
88
78
83
86
83
86
88
76
84
88
94
90
93
82
85
85
107
102
101
95
97
87
104
97
89
85
83
88
93
93
89
81
78
76
83
91
92
84
85
91
88
84
81
96
79
80
84
79
88
90
88
78
83
86
83
86
88
76
84
88
94
90
93
82
85
85
107
102
101
95
97
87
104
97
89
85
83
88
93
93
89
81
78
76
83
91
92
84
85
91
88
84
81
96
79
80
84
79
88
90
88
78
83
86
83
86
88
76
84
88
94
90
93
82
85
85
105
105
106
108
108
109
106
107
107
108
110
109
109
108
105
107
108
109
108
108
107
107
108
107
108
107
103
106
106
105
109
107
106
107
106
108
109
108
104
106
105
107
104
108
109
107
104
108
106
103
104
105
106
107
108
107
105
107
109
107
107
106
106
101
106
106
107
105
106
105
103
105
103
104
102
107
108
106
106
105
104
105
104
100
102
102
104
102
103
104
104
103
102
102
102
104
106
104
104
102
106
105
107
106
106
107
108
109
104
110
106
108
106
106
106
106
107
107
106
101
105
106
103
103
103
105
104
105
103
106
106
106
105
106
105
106
105
104
104
105
106
106
105
102
103
106
103
106
104
104
105
105
105
105
105
108
107
105
108
106
107
107
107
106
106
105
106
103
102
102
105
103
104
105
104
105
104
105
101
103
106
106
103
104
103
105
103
102
103
103
104
104
101
102
104
102
108
105
104
103
102
104
105
102
105
102
106
107
108
105
106
105
106
107
108
107
106
106
105
105
103
104
104
102
102
104
106
106
105
103
102
103
106
104
103
103
104
101
103
105
104
101
106
104
102
106
109
104
107
104
102
102
101
102
102
102
102
103
101
102
102
100
101
102
101
102
102
102
104
104
103
101
104
101
106
103
102
104
101
101
100
101
100
101
98
96
100
101
102
102
103
101
102
103
102
97
101
101
101
87
104
106
107
107
106
107
106
105
105
106
107
108
108
108
108
109
109
109
106
108
108
105
106
104
103
105
102
105
104
105
106
102
104
107
104
103
104
103
104
101
104
105
105
102
101
101
104
102
103
104
102
102
101
102
102
102
102
103
101
102
102
100
101
102
101
102
102
102
104
104
103
101
104
101
106
103
102
104
101
101
100
101
100
101
98
96
100
101
102
102
103
101
102
103
102
97
101
101
101
87
106
106
106
104
104
106
107
106
106
109
106
105
106
108
107
107
104
105
105
107
104
101
107
103
103
107
104
102
102
104
102
104
104
103
104
103
103
105
103
102
103
104
102
105
102
103
102
103
102
104
102
102
101
102
102
102
102
103
101
102
102
100
101
102
101
102
102
102
104
104
103
101
104
101
106
103
102
104
101
101
100
101
100
101
98
96
100
101
102
102
103
101
102
103
102
97
101
101
101
87
106
104
105
105
104
105
105
108
108
108
107
103
108
108
107
109
107
106
106
108
108
105
107
106
110
108
106
106
106
108
103
107
107
105
106
104
105
103
103
105
105
105
106
104
107
104
107
106
106
104
102
102
101
102
102
102
102
103
101
102
102
100
101
102
101
102
102
102
104
104
103
101
104
101
106
103
102
104
101
101
100
101
100
101
98
96
100
101
102
102
103
101
102
103
102
97
101
101
101
87
104
107
105
106
110
106
108
110
103
107
109
108
107
107
108
109
108
109
110
108
108
108
109
110
109
108
108
110
109
110
109
108
109
108
108
106
106
105
105
107
108
107
108
105
106
107
105
102
106
103
100
102
101
101
102
103
103
101
101
102
102
101
102
103
102
103
103
102
103
101
101
102
102
100
100
100
100
101
101
89
75
72
68
65
75
69
68
65
59
60
53
56
48
43
50
53
54
51
51
49
103
106
107
107
104
108
107
107
106
109
108
107
106
108
107
106
106
105
106
105
107
108
104
102
105
108
107
107
108
109
108
107
106
108
109
108
108
106
104
105
107
107
106
106
105
105
106
105
106
106
100
102
101
101
102
103
103
101
101
102
102
101
102
103
102
103
103
102
103
101
101
102
102
100
100
100
100
101
101
89
75
72
68
65
75
69
68
65
59
60
53
56
48
43
50
53
54
51
51
49
104
107
107
107
108
106
107
107
108
107
109
107
105
106
109
107
107
107
106
104
108
107
110
106
103
105
105
106
106
107
109
107
105
108
105
105
104
108
106
106
107
107
107
105
105
106
103
102
103
103
100
102
101
101
102
103
103
101
101
102
102
101
102
103
102
103
103
102
103
101
101
102
102
100
100
100
100
101
101
89
75
72
68
65
75
69
68
65
59
60
53
56
48
43
50
53
54
51
51
49
103
108
105
106
107
105
108
103
107
108
106
108
107
109
108
108
109
107
106
108
107
107
106
104
109
106
107
107
105
107
109
105
104
106
105
104
104
107
100
107
106
105
107
104
106
104
102
103
104
105
100
102
101
101
102
103
103
101
101
102
102
101
102
103
102
103
103
102
103
101
101
102
102
100
100
100
100
101
101
89
75
72
68
65
75
69
68
65
59
60
53
56
48
43
50
53
54
51
51
49
103
106
104
105
106
108
105
105
108
105
105
105
104
103
107
101
105
104
101
104
103
105
105
105
106
103
101
102
100
103
101
102
102
103
102
106
101
103
104
100
107
106
102
104
104
103
103
105
103
103
101
101
103
104
102
103
104
104
104
105
104
106
103
103
102
102
105
103
104
105
104
104
102
105
106
105
103
103
105
105
107
105
104
105
105
105
106
104
104
106
104
106
103
106
104
103
105
105
105
106
101
100
101
101
101
102
102
102
102
101
103
101
99
95
100
93
89
95
86
76
75
84
95
93
90
101
92
100
99
90
99
86
91
92
90
90
90
91
101
103
100
89
79
79
77
87
80
82
71
81
103
106
104
105
106
108
105
105
108
105
105
105
104
103
107
101
105
104
101
104
103
105
105
105
106
103
101
102
100
103
101
102
102
103
102
106
101
103
104
100
107
106
102
104
104
103
103
105
103
103
103
106
104
105
106
108
105
105
108
105
105
105
104
103
107
101
105
104
101
104
103
105
105
105
106
103
101
102
100
103
101
102
102
103
102
106
101
103
104
100
107
106
102
104
104
103
103
105
103
103
103
103
103
105
105
107
106
104
102
102
105
105
103
106
107
107
107
107
106
105
109
107
106
107
108
106
106
105
106
104
110
106
107
103
104
108
108
108
106
106
106
106
108
106
106
107
104
104
105
106
102
105
104
104
104
104
103
104
107
104
104
105
104
105
106
102
103
107
106
103
105
105
107
105
105
107
103
107
108
106
107
104
103
106
105
107
106
104
105
106
103
104
105
106
104
103
105
106
102
105
102
105
104
104
104
104
103
104
107
104
104
105
104
105
106
102
103
107
106
103
105
105
107
105
105
107
103
107
108
106
107
104
103
106
105
107
106
104
105
106
103
104
105
106
104
103
105
106
102
105
102
105
104
104
104
104
103
104
107
104
104
105
104
105
106
102
103
107
106
103
105
105
107
105
105
107
103
107
108
106
107
104
103
106
105
107
106
104
105
106
103
104
105
106
104
103
105
106
102
105
104
104
101
105
104
104
108
103
102
106
104
105
106
106
102
103
104
102
104
104
102
104
105
103
107
103
106
107
105
106
105
106
103
103
102
105
104
104
107
108
107
107
105
105
107
102
98
105
106
105
105
105
104
103
105
105
104
104
104
101
102
106
105
108
106
105
105
106
105
103
105
105
107
104
105
107
103
104
106
102
107
104
104
104
105
107
103
107
106
105
103
106
107
107
103
106
108
105
107
105
105
105
104
103
105
105
104
104
104
101
102
106
105
108
106
105
105
106
105
103
105
105
107
104
105
107
103
104
106
102
107
104
104
104
105
107
103
107
106
105
103
106
107
107
103
106
108
105
107
105
105
105
104
103
105
105
104
104
104
101
102
106
105
108
106
105
105
106
105
103
105
105
107
104
105
107
103
104
106
102
107
104
104
104
105
107
103
107
106
105
103
106
107
107
103
106
108
105
107
105
103
104
105
104
104
107
106
104
103
102
105
103
102
104
105
104
103
104
103
105
103
95
104
106
106
103
103
105
101
103
105
104
104
101
103
99
103
105
102
104
102
103
96
106
103
106
103
100
105
103
86
102
103
103
105
103
104
108
106
102
102
103
103
108
107
105
100
105
106
104
105
105
104
106
103
103
99
102
104
103
105
101
97
103
103
100
105
98
102
105
99
103
103
103
99
102
104
99
93
88
86
102
103
103
105
103
104
108
106
102
102
103
103
108
107
105
100
105
106
104
105
105
104
106
103
103
99
102
104
103
105
101
97
103
103
100
105
98
102
105
99
103
103
103
99
102
104
99
93
88
103
104
101
104
102
104
104
103
105
105
104
104
105
106
106
102
104
103
102
103
106
102
105
106
103
106
103
106
103
103
104
102
104
104
102
103
104
104
103
104
101
103
103
104
107
103
102
106
102
103
86
102
103
103
105
103
104
108
106
102
102
103
103
108
107
105
100
105
106
104
105
105
104
106
103
103
99
102
104
103
105
101
97
103
103
100
105
98
102
105
99
103
103
103
99
102
104
99
93
88
86
100
103
105
102
102
103
95
105
103
103
103
102
104
93
103
101
102
105
105
105
101
106