cap101
3883226133
3883226133
3883226133
3883226133
cap102
3883231133
3883231133
3883231133
3883231133
cap103
3883236133
3883236133
3883236133
3883236133
cap104
3883243633
3883243633
3883243633
3883243633
cap121
4252038822
4788773113
4148374586
4148374586
cap122
4252058822
4788793113
4148394586
4148394586
cap123
4252078822
4788813113
4148414586
4148414586
cap124
4252108822
4788843113
4148444586
4148444586
cap131
3883226133
3905771349
3883226133
3883226133
cap132
3883231133
3905781349
3883231133
3883231133
cap133
3883236133
3905791349
3883236133
3883236133
cap134
3883243633
3905806349
3883243633
3883243633
cap61
4688622204
4861132757
4688622204
4688622204
cap62
4688642204
4861152757
4688642204
4688642204
cap63
4688662204
4861172757
4688662204
4688662204
cap64
4688692204
4861202757
4688692204
4688692204
cap71
4879355523
4879355523
4879355523
4879355523
cap72
4879360523
4879360523
4879360523
4879360523
cap73
4879365523
4879365523
4879365523
4879365523
cap74
4879373023
4879373023
4879373023
4879373023
cap91
4148374586
4368335897
4148374586
4148374586
cap92
4148394586
4368355897
4148394586
4148394586
cap93
4148414586
4368375897
4148414586
4148414586
cap94
4148444586
4368405897
4148444586
4148444586
capa1
629307644
688803610
627522468
589318621
capa1_1
564844660
612644941
563710209
547068228
capa1_2
532303181
567703766
529220351
516229230
capa1_3
503685856
549954208
507886122
494252139
capa1_4
476301639
518363641
481754600
471626748
capa1_5
318273777
336794174
318484676
314792952
capa1_6
NaN
NaN
NaN
NaN
capa2
553926936
580298377
570399229
547794517
capa2_1
318273777
336794174
318484676
314792952
capa3
556716224
593654083
563587850
548471970
capa3_1
318273777
336794174
318484676
314792952
capa4
562671102
578564357
556596510
548339457
capa4_1
318273777
336794174
318484676
314792952
capb1
493195517
557638714
483699709
472950251
capb1_1
254406697
287950139
255024299
252942276
capb2
559194066
604300594
579159480
507459631
capb2_1
254406697
284620168
255024299
252942276
capb3
577440689
816066082
577374731
554607155
capb3_1
254406697
284620168
255024299
252942276
capb4
571595467
623213002
549492015
547121536
capb4_1
254406697
284620168
255024299
252942276
pn56
539561
556379
539561
539561
pn56_1
473513
475719
473513
473513
pn56_2
420850
436538
420850
420850
pn57
544361
561179
544361
544361
pn58
555561
572379
555561
555561
pn59
551070
562212
548902
548421
pn60
617133
660852
624254
617133
pn61
620433
664152
627554
620433
pn62
628133
671852
635254
628133
pn63
623281
667059
634645
623281
pn64
720930
734807
738815
720930
pn65
723330
737207
741215
723330
pn66
728930
742807
746815
728930
pn67
607508
648783
607508
607508
pn68
702643
717045
713702
702643
pn69
705343
719745
716402
705343
pn69_1
661180
662740
659572
659572
pn69_2
NaN
NaN
NaN
NaN
pn70
711643
726045
722702
711643
pn71
713192
723558
709660
709660
