101
90
81
93
79
79
73
67
71
74
74
78
82
72
77
67
69
77
62
66
58
66
69
73
64
67
62
71
67
65
60
64
69
64
71
72
59
64
68
66
68
64
71
68
66
73
67
73
71
76
101
90
81
93
79
79
73
67
71
74
74
78
82
72
77
67
69
77
62
66
58
66
69
73
64
67
62
71
67
65
60
64
69
64
71
72
59
64
68
66
68
64
71
68
66
73
67
73
71
76
101
90
81
93
79
79
73
67
71
74
74
78
82
72
77
67
69
77
62
66
58
66
69
73
64
67
62
71
67
65
60
64
69
64
71
72
59
64
68
66
68
64
71
68
66
73
67
73
71
76
101
90
81
93
79
79
73
67
71
74
74
78
82
72
77
67
69
77
62
66
58
66
69
73
64
67
62
71
67
65
60
64
69
64
71
72
59
64
68
66
68
64
71
68
66
73
67
73
71
76
104
103
105
102
103
102
101
105
92
98
92
94
94
99
89
81
79
84
88
92
89
74
81
74
85
77
77
81
95
88
87
86
90
94
83
79
89
96
90
93
93
91
90
92
92
98
97
98
83
91
104
103
105
102
103
102
101
105
92
98
92
94
94
99
89
81
79
84
88
92
89
74
81
74
85
77
77
81
95
88
87
86
90
94
83
79
89
96
90
93
93
91
90
92
92
98
97
98
83
91
104
103
105
102
103
102
101
105
92
98
92
94
94
99
89
81
79
84
88
92
89
74
81
74
85
77
77
81
95
88
87
86
90
94
83
79
89
96
90
93
93
91
90
92
92
98
97
98
83
91
104
103
105
102
103
102
101
105
92
98
92
94
94
99
89
81
79
84
88
92
89
74
81
74
85
77
77
81
95
88
87
86
90
94
83
79
89
96
90
93
93
91
90
92
92
98
97
98
83
91
104
100
93
85
83
75
75
81
69
68
76
68
65
59
65
59
64
67
68
66
62
69
61
61
52
61
64
65
58
60
66
71
79
74
83
80
68
74
74
82
77
74
68
64
64
70
62
61
61
61
104
100
93
85
83
75
75
81
69
68
76
68
65
59
65
59
64
67
68
66
62
69
61
61
52
61
64
65
58
60
66
71
79
74
83
80
68
74
74
82
77
74
68
64
64
70
62
61
61
61
104
100
93
85
83
75
75
81
69
68
76
68
65
59
65
59
64
67
68
66
62
69
61
61
52
61
64
65
58
60
66
71
79
74
83
80
68
74
74
82
77
74
68
64
64
70
62
61
61
61
104
100
93
85
83
75
75
81
69
68
76
68
65
59
65
59
64
67
68
66
62
69
61
61
52
61
64
65
58
60
66
71
79
74
83
80
68
74
74
82
77
74
68
64
64
70
62
61
61
61
103
102
88
100
93
78
74
67
65
69
60
60
75
69
62
62
64
71
66
61
63
67
69
59
59
61
54
58
55
57
58
52
60
57
53
55
60
56
52
52
61
60
61
62
56
58
59
58
53
57
103
102
88
100
93
78
74
67
65
69
60
60
75
69
62
62
64
71
66
61
63
67
69
59
59
61
54
58
55
57
58
52
60
57
53
55
60
56
52
52
61
60
61
62
56
58
59
58
53
57
103
102
88
100
93
78
74
67
65
69
60
60
75
69
62
62
64
71
66
61
63
67
69
59
59
61
54
58
55
57
58
52
60
57
53
55
60
56
52
52
61
60
61
62
56
58
59
58
53
57
103
102
88
100
93
78
74
67
65
69
60
60
75
69
62
62
64
71
66
61
63
67
69
59
59
61
54
58
55
57
58
52
60
57
53
55
60
56
52
52
61
60
61
62
56
58
59
58
53
57
80
56
50
58
62
53
55
54
54
60
61
61
57
51
56
55
50
53
53
58
62
56
53
51
56
57
55
49
49
52
57
55
56
50
48
51
50
47
50
52
47
47
51
55
53
51
49
48
49
46
80
56
50
58
62
53
55
54
54
60
61
61
57
51
56
55
50
53
53
58
62
56
53
51
56
57
55
49
49
52
57
55
56
50
48
51
50
47
50
52
47
47
51
55
53
51
49
48
49
46
80
56
50
58
62
53
55
54
54
60
61
61
57
51
56
55
50
53
53
58
62
56
53
51
56
57
55
49
49
52
57
55
56
50
48
51
50
47
50
52
47
47
51
55
53
51
49
48
49
46
80
56
50
58
62
53
55
54
54
60
61
61
57
51
56
55
50
53
53
58
62
56
53
51
56
57
55
49
49
52
57
55
56
50
48
51
50
47
50
52
47
47
51
55
53
51
49
48
49
46
103
103
102
103
95
87
86
84
82
73
87
79
76
84
77
79
75
82
73
91
82
82
79
68
72
74
82
78
74
73
71
72
76
75
79
86
76
85
91
81
79
88
82
89
79
82
88
86
93
84
103
103
102
103
95
87
86
84
82
73
87
79
76
84
77
79
75
82
73
91
82
82
79
68
72
74
82
78
74
73
71
72
76
75
79
86
76
85
91
81
79
88
82
89
79
82
88
86
93
84
103
103
102
103
95
87
86
84
82
73
87
79
76
84
77
79
75
82
73
91
82
82
79
68
72
74
82
78
74
73
71
72
76
75
79
86
76
85
91
81
79
88
82
89
79
82
88
86
93
84
103
103
102
103
95
87
86
84
82
73
87
79
76
84
77
79
75
82
73
91
82
82
79
68
72
74
82
78
74
73
71
72
76
75
79
86
76
85
91
81
79
88
82
89
79
82
88
86
93
84
104
105
106
108
108
106
108
108
108
108
105
108
108
107
107
105
104
103
106
106
108
108
108
104
104
108
107
106
108
107
105
104
109
108
105
103
106
105
107
102
105
105
105
106
106
105
103
106
104
107
104
106
107
105
110
109
107
108
108
106
108
107
108
108
107
106
109
109
107
106
105
108
105
106
107
104
103
104
104
104
104
104
105
104
106
105
103
104
105
103
104
104
105
104
104
104
104
104
104
105
104
105
108
105
106
106
107
106
106
106
107
103
105
105
106
106
103
107
108
102
103
105
104
105
104
103
104
105
103
105
104
105
107
106
104
104
105
106
106
104
104
105
102
107
108
103
104
105
104
105
105
104
102
106
104
104
108
106
105
108
107
107
105
108
107
106
108
108
106
107
103
107
106
106
106
105
107
104
106
106
106
108
107
105
108
104
106
104
107
106
104
105
104
104
103
102
104
104
104
104
106
104
105
106
104
104
105
105
106
109
109
109
107
107
106
107
105
106
102
105
104
104
106
108
105
107
105
108
104
101
105
105
108
102
107
106
107
107
106
107
105
106
105
105
105
102
105
105
105
107
104
101
101
103
102
101
102
102
102
103
102
101
100
102
103
103
101
101
104
102
100
103
102
101
101
101
100
100
92
100
94
93
94
90
88
78
70
73
83
73
69
75
68
70
78
86
87
85
80
66
107
106
107
109
108
106
104
108
105
105
107
105
110
107
105
102
107
104
103
103
103
104
105
105
104
104
105
107
104
107
106
102
104
103
106
104
104
104
102
105
104
107
105
104
104
105
104
104
103
103
104
101
101
103
102
101
102
102
102
103
102
101
100
102
103
103
101
101
104
102
100
103
102
101
101
101
100
100
92
100
94
93
94
90
88
78
70
73
83
73
69
75
68
70
78
86
87
85
80
66
107
103
103
106
106
106
105
106
106
104
105
107
108
106
106
108
107
108
108
107
108
108
107
108
106
105
107
104
102
106
102
104
105
106
104
103
104
106
105
105
105
104
106
103
104
105
103
105
108
107
104
101
101
103
102
101
102
102
102
103
102
101
100
102
103
103
101
101
104
102
100
103
102
101
101
101
100
100
92
100
94
93
94
90
88
78
70
73
83
73
69
75
68
70
78
86
87
85
80
66
107
104
106
107
107
105
104
106
105
106
104
105
107
107
107
106
105
109
105
106
106
102
104
102
106
105
106
105
103
101
104
104
106
101
105
106
104
105
105
105
104
105
104
106
104
106
105
105
105
105
104
101
101
103
102
101
102
102
102
103
102
101
100
102
103
103
101
101
104
102
100
103
102
101
101
101
100
100
92
100
94
93
94
90
88
78
70
73
83
73
69
75
68
70
78
86
87
85
80
66
105
104
108
108
108
107
109
107
107
107
108
107
109
107
105
109
110
108
107
107
108
108
108
107
108
107
107
108
108
105
108
109
108
107
109
106
105
107
108
108
107
106
109
106
107
107
107
109
108
105
105
102
101
101
101
102
100
102
102
101
101
103
101
103
101
101
100
100
100
101
103
103
102
102
100
102
100
95
98
101
100
101
102
95
101
101
88
90
86
84
90
93
88
99
102
79
76
69
58
55
105
104
108
104
107
106
109
109
110
108
108
105
108
109
109
108
108
107
107
108
107
110
106
109
106
106
105
109
108
106
105
106
106
106
105
107
107
108
105
107
106
106
106
108
108
105
110
107
101
104
105
102
101
101
101
102
100
102
102
101
101
103
101
103
101
101
100
100
100
101
103
103
102
102
100
102
100
95
98
101
100
101
102
95
101
101
88
90
86
84
90
93
88
99
102
79
76
69
58
55
106
106
108
106
108
109
106
109
105
108
110
107
106
109
108
107
105
109
105
104
105
104
106
107
104
104
105
107
108
108
104
106
103
104
106
107
106
106
103
103
104
107
106
107
104
103
103
104
106
104
105
102
101
101
101
102
100
102
102
101
101
103
101
103
101
101
100
100
100
101
103
103
102
102
100
102
100
95
98
101
100
101
102
95
101
101
88
90
86
84
90
93
88
99
102
79
76
69
58
55
106
107
106
105
107
105
108
106
105
108
104
108
104
108
104
105
106
102
103
104
105
108
105
106
105
107
106
103
105
104
104
106
107
105
106
104
108
103
102
103
106
104
105
103
107
105
107
104
106
106
105
102
101
101
101
102
100
102
102
101
101
103
101
103
101
101
100
100
100
101
103
103
102
102
100
102
100
95
98
101
100
101
102
95
101
101
88
90
86
84
90
93
88
99
102
79
76
69
58
55
102
104
103
104
107
105
105
106
107
104
104
105
106
103
104
106
105
108
107
106
105
105
104
104
106
107
107
107
107
107
107
108
105
107
109
108
108
104
104
106
107
108
107
107
107
109
109
104
108
108
103
102
101
104
103
104
102
103
103
105
102
104
105
106
107
104
104
106
106
103
105
104
101
106
105
104
103
104
101
102
104
102
104
104
104
103
102
100
104
103
103
103
101
104
106
105
104
101
103
106
102
103
102
101
100
101
100
102
101
100
100
92
100
100
88
89
93
100
100
97
94
101
100
96
80
83
92
89
94
101
98
101
90
82
84
84
98
89
87
89
87
97
96
99
82
96
97
100
88
97
102
104
103
104
107
105
105
106
107
104
104
105
106
103
104
106
105
108
107
106
105
105
104
104
106
107
107
107
107
107
107
108
105
107
109
108
108
104
104
106
107
108
107
107
107
109
109
104
108
108
102
104
103
104
107
105
105
106
107
104
104
105
106
103
104
106
105
108
107
106
105
105
104
104
106
107
107
107
107
107
107
108
105
107
109
108
108
104
104
106
107
108
107
107
107
109
109
104
108
108
102
102
104
106
105
104
105
105
105
106
105
107
105
105
105
104
107
108
103
106
105
104
106
106
107
106
104
104
103
105
104
105
103
102
106
102
105
106
106
103
103
105
103
105
106
104
103
103
103
106
104
106
104
102
104
103
107
100
103
105
107
104
105
104
106
107
104
105
105
104
102
107
105
106
106
106
109
107
107
106
106
107
105
106
106
102
106
103
108
104
104
106
106
103
108
103
106
107
105
105
104
106
104
102
104
103
107
100
103
105
107
104
105
104
106
107
104
105
105
104
102
107
105
106
106
106
109
107
107
106
106
107
105
106
106
102
106
103
108
104
104
106
106
103
108
103
106
107
105
105
104
106
104
102
104
103
107
100
103
105
107
104
105
104
106
107
104
105
105
104
102
107
105
106
106
106
109
107
107
106
106
107
105
106
106
102
106
103
108
104
104
106
106
103
108
103
106
107
105
105
102
102
103
103
105
102
104
105
103
101
103
104
104
107
105
105
102
102
102
104
104
103
104
104
103
101
104
105
107
103
105
102
107
104
105
106
105
104
106
105
105
103
105
100
104
106
104
105
106
105
105
106
104
106
105
105
105
104
102
103
101
104
103
102
102
101
107
100
103
103
106
106
102
104
100
98
105
105
104
103
101
104
102
101
103
103
104
107
105
103
100
105
104
100
104
101
104
105
103
105
105
106
104
106
105
105
105
104
102
103
101
104
103
102
102
101
107
100
103
103
106
106
102
104
100
98
105
105
104
103
101
104
102
101
103
103
104
107
105
103
100
105
104
100
104
101
104
105
103
105
105
106
104
106
105
105
105
104
102
103
101
104
103
102
102
101
107
100
103
103
106
106
102
104
100
98
105
105
104
103
101
104
102
101
103
103
104
107
105
103
100
105
104
100
104
101
104
105
103
105
105
103
106
103
105
104
104
106
104
104
107
103
105
107
106
104
106
106
104
103
105
103
103
103
103
104
106
101
99
105
102
94
95
96
89
104
99
104
103
101
99
89
94
96
103
100
103
92
97
102
97
102
102
100
102
103
101
103
103
103
104
103
103
101
102
105
103
100
104
99
98
93
100
96
104
101
95
98
96
104
101
91
101
98
95
98
92
98
102
102
104
103
96
94
101
87
96
97
103
102
97
102
102
100
102
103
101
103
103
103
104
103
103
101
102
105
103
100
104
99
98
93
100
96
104
101
95
98
96
104
101
91
101
98
95
98
92
98
102
102
104
103
96
94
101
87
96
97
103
102
103
103
104
104
103
104
103
104
101
104
103
105
103
105
103
102
102
103
106
104
104
106
105
106
103
104
107
104
104
103
102
103
103
106
102
102
104
105
103
101
104
104
103
105
104
105
104
105
104
101
97
102
102
100
102
103
101
103
103
103
104
103
103
101
102
105
103
100
104
99
98
93
100
96
104
101
95
98
96
104
101
91
101
98
95
98
92
98
102
102
104
103
96
94
101
87
96
97
103
102
97
102
101
105
104
105
101
104
104
102
100
104
105
103
104
103
95
102
102
98
105
92
103
103
99
86
90
96
90
88
90
95
92
99
95
82
93
92
87
91
96
98
93
104
102
89
91
94
