cap101
3883226133
3883226133
3883226133
3883226133
cap102
3883231133
3883231133
3883231133
3883231133
cap103
3883236133
3883236133
3883236133
3883236133
cap104
3883243633
3883243633
3883243633
3883243633
cap121
4210560133
4478963286
4148374586
4148374586
cap122
4210580133
4478983286
4148394586
4148394586
cap123
4210600133
4479003286
4148414586
4148414586
cap124
4210630133
4479033286
4148444586
4148444586
cap131
3883226133
4351164895
3883226133
3883226133
cap132
3883231133
4351174895
3883231133
3883231133
cap133
3883236133
4351184895
3883236133
3883236133
cap134
3883243633
4351199895
3883243633
3883243633
cap61
4688622204
4688622204
4688622204
4688622204
cap62
4688642204
4688642204
4688642204
4688642204
cap63
4688662204
4688662204
4688662204
4688662204
cap64
4688692204
4688692204
4688692204
4688692204
cap71
4879355523
4879355523
4879355523
4879355523
cap72
4879360523
4879360523
4879360523
4879360523
cap73
4879365523
4879365523
4879365523
4879365523
cap74
4879373023
4879373023
4879373023
4879373023
cap91
4148374586
4252151348
4148374586
4148374586
cap92
4148394586
4252166348
4148394586
4148394586
cap93
4148414586
4252181348
4148414586
4148414586
cap94
4148444586
4252203848
4148444586
4148444586
capa1
597558415
744913107
614227833
607168501
capa1_1
565587957
603727759
570204075
549077548
capa1_2
528810454
568905259
537093092
516603786
capa1_3
513310531
527363632
501183296
495862952
capa1_4
489369840
512036018
476394276
473481311
capa1_5
318329740
346166565
321317729
314581276
capa1_6
NaN
NaN
NaN
NaN
capa2
561531930
604914984
563849718
548023803
capa2_1
318329740
346166565
321317729
314581276
capa3
554754950
674467318
561196427
547794517
capa3_1
318329740
346166565
321317729
314581276
capa4
562678006
727020932
559633616
552716965
capa4_1
318329740
346166565
321317729
314581276
capb1
491487664
574182121
513843958
472374405
capb1_1
254849087
325200233
254348022
252480772
capb2
560396718
695723693
556730320
530080250
capb2_1
254849087
325200233
254348022
252480772
capb3
561508772
694453474
580555536
550750543
capb3_1
254849087
325200233
254348022
252480772
capb4
564203236
568315373
541064484
540070009
capb4_1
254849087
325200233
254348022
252480772
pn56
542720
546061
540282
539561
pn56_1
473513
481912
473513
473513
pn56_2
420850
487195
420850
420850
pn57
547520
550861
545082
544361
pn58
558720
562061
556282
555561
pn59
554274
561944
557062
548421
pn60
624254
648217
624254
624254
pn61
627554
651517
627554
627554
pn62
635254
659217
635254
635254
pn63
630796
653724
631608
623281
pn64
725357
830623
736142
720930
pn65
727757
833023
738542
723330
pn66
733357
838623
744142
728930
pn67
607508
645305
607508
607508
pn68
710261
719532
702643
702643
pn69
712961
722232
705343
705343
pn69_1
659572
687336
659572
659572
pn69_2
NaN
NaN
NaN
NaN
pn70
719261
728532
711643
711643
pn71
717141
726346
713192
709660
