104
93
75
74
80
72
65
62
59
56
55
57
63
63
58
53
56
60
52
60
59
64
64
67
70
70
68
66
61
58
56
60
59
60
65
61
63
59
59
65
61
62
65
57
54
60
61
58
63
60
104
93
75
74
80
72
65
62
59
56
55
57
63
63
58
53
56
60
52
60
59
64
64
67
70
70
68
66
61
58
56
60
59
60
65
61
63
59
59
65
61
62
65
57
54
60
61
58
63
60
104
93
75
74
80
72
65
62
59
56
55
57
63
63
58
53
56
60
52
60
59
64
64
67
70
70
68
66
61
58
56
60
59
60
65
61
63
59
59
65
61
62
65
57
54
60
61
58
63
60
104
93
75
74
80
72
65
62
59
56
55
57
63
63
58
53
56
60
52
60
59
64
64
67
70
70
68
66
61
58
56
60
59
60
65
61
63
59
59
65
61
62
65
57
54
60
61
58
63
60
104
103
106
105
103
105
102
104
102
103
99
103
101
100
101
98
96
97
85
90
102
100
105
106
105
101
106
92
103
101
106
100
94
107
107
94
98
107
104
104
102
105
106
104
106
101
105
97
101
93
104
103
106
105
103
105
102
104
102
103
99
103
101
100
101
98
96
97
85
90
102
100
105
106
105
101
106
92
103
101
106
100
94
107
107
94
98
107
104
104
102
105
106
104
106
101
105
97
101
93
104
103
106
105
103
105
102
104
102
103
99
103
101
100
101
98
96
97
85
90
102
100
105
106
105
101
106
92
103
101
106
100
94
107
107
94
98
107
104
104
102
105
106
104
106
101
105
97
101
93
104
103
106
105
103
105
102
104
102
103
99
103
101
100
101
98
96
97
85
90
102
100
105
106
105
101
106
92
103
101
106
100
94
107
107
94
98
107
104
104
102
105
106
104
106
101
105
97
101
93
102
90
93
94
84
80
73
76
84
68
72
73
65
61
56
67
64
71
71
69
63
56
54
55
61
67
69
65
61
64
62
63
62
70
63
62
65
63
68
60
61
62
59
58
60
65
62
62
65
57
102
90
93
94
84
80
73
76
84
68
72
73
65
61
56
67
64
71
71
69
63
56
54
55
61
67
69
65
61
64
62
63
62
70
63
62
65
63
68
60
61
62
59
58
60
65
62
62
65
57
102
90
93
94
84
80
73
76
84
68
72
73
65
61
56
67
64
71
71
69
63
56
54
55
61
67
69
65
61
64
62
63
62
70
63
62
65
63
68
60
61
62
59
58
60
65
62
62
65
57
102
90
93
94
84
80
73
76
84
68
72
73
65
61
56
67
64
71
71
69
63
56
54
55
61
67
69
65
61
64
62
63
62
70
63
62
65
63
68
60
61
62
59
58
60
65
62
62
65
57
102
102
100
73
75
59
65
63
60
70
72
69
61
56
52
55
57
51
57
59
58
57
57
58
59
56
57
52
55
54
56
59
55
54
57
58
54
59
52
57
55
55
53
57
60
56
55
62
56
48
102
102
100
73
75
59
65
63
60
70
72
69
61
56
52
55
57
51
57
59
58
57
57
58
59
56
57
52
55
54
56
59
55
54
57
58
54
59
52
57
55
55
53
57
60
56
55
62
56
48
102
102
100
73
75
59
65
63
60
70
72
69
61
56
52
55
57
51
57
59
58
57
57
58
59
56
57
52
55
54
56
59
55
54
57
58
54
59
52
57
55
55
53
57
60
56
55
62
56
48
102
102
100
73
75
59
65
63
60
70
72
69
61
56
52
55
57
51
57
59
58
57
57
58
59
56
57
52
55
54
56
59
55
54
57
58
54
59
52
57
55
55
53
57
60
56
55
62
56
48
77
74
64
62
60
63
67
57
60
62
58
48
48
46
52
57
50
55
50
55
57
54
50
46
52
54
57
60
61
60
57
57
50
52
50
54
52
51
54
50
53
50
58
60
58
44
50
47
50
58
77
74
64
62
60
63
67
57
60
62
58
48
48
46
52
57
50
55
50
55
57
54
50
46
52
54
57
60
61
60
57
57
50
52
50
54
52
51
54
50
53
50
58
60
58
44
50
47
50
58
77
74
64
62
60
63
67
57
60
62
58
48
48
46
52
57
50
55
50
55
57
54
50
46
52
54
57
60
61
60
57
57
50
52
50
54
52
51
54
50
53
50
58
60
58
44
50
47
50
58
77
74
64
62
60
63
67
57
60
62
58
48
48
46
52
57
50
55
50
55
57
54
50
46
52
54
57
60
61
60
57
57
50
52
50
54
52
51
54
50
53
50
58
60
58
44
50
47
50
58
104
102
103
102
98
92
95
91
94
97
101
99
97
97
96
93
81
79
81
86
78
96
84
85
78
88
79
82
79
81
93
79
74
74
82
66
75
66
67
71
81
67
69
70
85
73
87
81
93
76
104
102
103
102
98
92
95
91
94
97
101
99
97
97
96
93
81
79
81
86
78
96
84
85
78
88
79
82
79
81
93
79
74
74
82
66
75
66
67
71
81
67
69
70
85
73
87
81
93
76
104
102
103
102
98
92
95
91
94
97
101
99
97
97
96
93
81
79
81
86
78
96
84
85
78
88
79
82
79
81
93
79
74
74
82
66
75
66
67
71
81
67
69
70
85
73
87
81
93
76
104
102
103
102
98
92
95
91
94
97
101
99
97
97
96
93
81
79
81
86
78
96
84
85
78
88
79
82
79
81
93
79
74
74
82
66
75
66
67
71
81
67
69
70
85
73
87
81
93
76
104
109
108
107
106
109
108
106
108
108
107
106
108
106
105
106
108
108
109
106
108
105
106
106
109
109
107
108
109
105
107
103
102
105
108
107
108
107
106
108
104
105
104
104
105
106
106
104
106
105
106
105
108
106
105
107
110
106
107
106
106
108
105
105
106
107
106
105
106
106
106
106
105
106
106
104
106
106
105
107
106
107
108
109
105
106
108
108
106
108
105
109
104
102
103
103
105
105
104
105
104
105
107
107
106
106
108
106
107
108
106
108
106
109
107
106
106
107
106
106
105
104
102
104
105
105
107
106
107
102
106
106
105
105
106
106
106
105
105
105
106
106
106
105
106
103
106
104
103
105
104
105
107
106
106
104
108
104
106
104
105
109
107
107
107
105
107
105
107
105
105
105
105
104
104
107
106
104
107
105
103
103
107
104
104
104
103
106
105
103
105
104
102
105
106
102
104
105
104
101
105
106
105
104
107
104
105
109
108
107
108
106
103
105
107
105
106
105
104
103
108
107
102
107
104
105
101
104
103
105
106
104
107
105
106
109
105
107
105
106
102
107
103
104
105
104
103
104
101
103
106
103
101
102
104
101
102
101
103
101
103
102
106
102
103
101
102
101
102
103
102
103
105
102
103
102
103
101
103
101
103
102
101
102
100
102
98
101
101
101
97
98
101
102
101
101
100
98
102
101
104
103
106
105
104
104
110
105
106
103
107
104
105
105
106
102
104
105
104
106
105
105
109
106
103
105
109
104
106
104
106
106
107
106
106
106
103
105
107
101
106
103
104
105
104
106
104
105
106
105
106
103
101
102
104
101
102
101
103
101
103
102
106
102
103
101
102
101
102
103
102
103
105
102
103
102
103
101
103
101
103
102
101
102
100
102
98
101
101
101
97
98
101
102
101
101
100
98
102
101
104
102
105
106
103
103
107
107
109
105
109
106
108
108
106
103
105
107
105
108
107
105
105
106
108
105
105
106
104
106
104
106
107
105
103
103
104
100
103
103
103
103
105
102
104
105
104
107
104
103
106
103
101
102
104
101
102
101
103
101
103
102
106
102
103
101
102
101
102
103
102
103
105
102
103
102
103
101
103
101
103
102
101
102
100
102
98
101
101
101
97
98
101
102
101
101
100
98
102
101
104
104
105
104
107
105
108
107
106
108
107
105
106
105
106
109
104
105
107
104
106
106
107
106
106
103
102
105
105
108
104
106
108
104
102
104
102
105
104
104
108
104
105
106
103
105
106
105
105
105
106
103
101
102
104
101
102
101
103
101
103
102
106
102
103
101
102
101
102
103
102
103
105
102
103
102
103
101
103
101
103
102
101
102
100
102
98
101
101
101
97
98
101
102
101
101
100
98
102
101
107
106
107
106
106
105
106
109
108
108
109
109
107
107
109
107
109
105
110
108
109
107
108
107
107
107
106
104
106
106
108
108
106
106
107
108
103
105
107
106
107
106
107
106
108
108
108
109
109
106
104
100
102
100
101
103
103
101
104
101
100
101
101
101
101
101
102
101
102
101
101
102
103
102
100
100
100
100
90
88
77
73
66
59
63
69
61
59
63
65
56
58
54
66
71
71
67
67
64
58
108
108
108
107
108
106
109
108
108
107
105
107
106
110
108
110
109
108
110
108
106
109
108
107
108
108
106
107
105
106
105
107
105
105
106
104
106
103
105
106
96
107
104
106
105
105
104
104
104
107
104
100
102
100
101
103
103
101
104
101
100
101
101
101
101
101
102
101
102
101
101
102
103
102
100
100
100
100
90
88
77
73
66
59
63
69
61
59
63
65
56
58
54
66
71
71
67
67
64
58
104
102
105
104
108
106
109
106
107
108
109
107
108
108
105
107
110
109
106
109
106
109
107
107
109
105
105
106
109
105
104
103
107
108
104
103
104
103
105
104
104
105
102
104
104
104
105
105
106
103
104
100
102
100
101
103
103
101
104
101
100
101
101
101
101
101
102
101
102
101
101
102
103
102
100
100
100
100
90
88
77
73
66
59
63
69
61
59
63
65
56
58
54
66
71
71
67
67
64
58
102
106
103
107
107
106
108
106
109
108
109
107
106
108
102
105
104
105
106
106
109
107
107
106
104
107
104
105
105
106
103
104
106
103
106
104
106
106
105
105
106
106
103
105
103
107
109
105
108
106
104
100
102
100
101
103
103
101
104
101
100
101
101
101
101
101
102
101
102
101
101
102
103
102
100
100
100
100
90
88
77
73
66
59
63
69
61
59
63
65
56
58
54
66
71
71
67
67
64
58
102
105
105
104
107
105
104
106
103
108
105
102
101
104
101
106
105
105
102
104
105
107
102
102
105
103
104
104
105
106
104
103
102
107
105
106
104
105
103
108
107
106
107
108
102
104
106
103
104
103
100
101
102
102
105
102
106
103
102
103
102
105
106
102
103
102
102
102
103
102
103
102
101
104
101
102
105
104
103
103
104
101
102
103
104
103
101
104
106
107
104
103
104
104
105
101
103
106
104
104
101
102
101
100
101
100
100
101
94
101
84
101
102
95
90
100
87
100
100
91
93
101
101
89
92
97
93
96
96
100
91
96
98
93
100
101
78
93
84
89
91
90
93
92
91
89
94
94
96
101
102
105
105
104
107
105
104
106
103
108
105
102
101
104
101
106
105
105
102
104
105
107
102
102
105
103
104
104
105
106
104
103
102
107
105
106
104
105
103
108
107
106
107
108
102
104
106
103
104
103
102
105
105
104
107
105
104
106
103
108
105
102
101
104
101
106
105
105
102
104
105
107
102
102
105
103
104
104
105
106
104
103
102
107
105
106
104
105
103
108
107
106
107
108
102
104
106
103
104
103
102
104
106
105
106
105
105
108
106
105
104
106
106
107
102
104
103
104
103
102
95
96
96
95
103
86
87
104
101
103
103
96
100
103
103
103
102
103
102
103
105
107
104
104
104
104
102
104
102
93
104
103
102
103
105
102
103
104
104
105
104
106
104
103
104
104
105
103
103
106
105
104
106
104
105
106
104
106
103
104
104
104
102
105
104
106
104
105
105
106
104
104
106
106
105
103
98
105
106
100
104
103
102
103
105
102
103
104
104
105
104
106
104
103
104
104
105
103
103
106
105
104
106
104
105
106
104
106
103
104
104
104
102
105
104
106
104
105
105
106
104
104
106
106
105
103
98
105
106
100
104
103
102
103
105
102
103
104
104
105
104
106
104
103
104
104
105
103
103
106
105
104
106
104
105
106
104
106
103
104
104
104
102
105
104
106
104
105
105
106
104
104
106
106
105
103
98
105
106
100
105
103
104
107
105
105
108
105
103
105
102
105
107
106
104
103
105
103
101
104
103
103
103
104
104
100
105
104
100
103
103
103
103
104
99
103
97
103
102
103
106
100
105
106
103
104
107
105
104
97
105
104
102
103
104
105
106
105
102
103
105
102
102
103
104
104
103
105
103
94
103
104
94
99
103
104
98
107
105
105
102
104
103
103
106
101
104
106
104
102
104
102
106
106
102
104
102
104
102
105
105
104
102
103
104
105
106
105
102
103
105
102
102
103
104
104
103
105
103
94
103
104
94
99
103
104
98
107
105
105
102
104
103
103
106
101
104
106
104
102
104
102
106
106
102
104
102
104
102
105
105
104
102
103
104
105
106
105
102
103
105
102
102
103
104
104
103
105
103
94
103
104
94
99
103
104
98
107
105
105
102
104
103
103
106
101
104
106
104
102
104
102
106
106
102
104
102
104
102
105
104
103
104
104
103
104
105
109
102
103
107
105
103
105
104
106
104
104
104
105
104
104
103
104
103
104
106
108
104
106
105
106
106
105
103
105
107
104
96
105
105
102
106
101
104
105
101
104
102
104
88
104
100
104
104
105
105
103
103
104
100
105
104
101
107
105
103
104
107
104
108
104
106
102
106
101
104
103
102
104
101
105
95
102
104
102
103
101
104
107
92
97
98
103
100
104
102
104
100
103
88
104
100
104
104
105
105
103
103
104
100
105
104
101
107
105
103
104
107
104
108
104
106
102
106
101
104
103
102
104
101
105
95
102
104
102
103
101
104
107
92
97
98
103
100
104
102
104
100
103
103
103
104
102
101
104
104
104
102
102
104
103
104
103
104
104
103
101
104
107
106
103
104
104
103
104
102
104
103
104
104
102
103
104
105
104
104
105
104
105
106
104
104
103
104
103
106
103
108
102
88
104
100
104
104
105
105
103
103
104
100
105
104
101
107
105
103
104
107
104
108
104
106
102
106
101
104
103
102
104
101
105
95
102
104
102
103
101
104
107
92
97
98
103
100
104
102
104
100
103
89
103
106
104
10