cap101
3883226133
4017315058
3883226133
3883226133
cap102
3883231133
4017320058
3883231133
3883231133
cap103
3883236133
4017325058
3883236133
3883236133
cap104
3883243633
4017332558
3883243633
3883243633
cap121
4173793835
4336697458
4148374586
4148374586
cap122
4173813835
4336717458
4148394586
4148394586
cap123
4173833835
4336737458
4148414586
4148414586
cap124
4173863835
4336767458
4148444586
4148444586
cap131
3905771349
3883226133
3883226133
3883226133
cap132
3905781349
3883231133
3883231133
3883231133
cap133
3905791349
3883236133
3883236133
3883236133
cap134
3905806349
3883243633
3883243633
3883243633
cap61
4688622204
4843215576
4688622204
4688622204
cap62
4688642204
4843230576
4688642204
4688642204
cap63
4688662204
4843245576
4688662204
4688662204
cap64
4688692204
4843268076
4688692204
4688692204
cap71
4879355523
4879355523
4879355523
4879355523
cap72
4879360523
4879360523
4879360523
4879360523
cap73
4879365523
4879365523
4879365523
4879365523
cap74
4879373023
4879373023
4879373023
4879373023
cap91
4148374586
4357773313
4148374586
4148374586
cap92
4148394586
4357793313
4148394586
4148394586
cap93
4148414586
4357813313
4148414586
4148414586
cap94
4148444586
4357843313
4148444586
4148444586
capa1
623968493
695223490
612580594
589318621
capa1_1
588961205
653350367
562917594
549071813
capa1_2
544748219
560224287
524517166
519725124
capa1_3
505315796
537892371
514471497
493751022
capa1_4
487006907
523330641
484237026
473232548
capa1_5
316429906
336453095
317233980
315014585
capa1_6
NaN
NaN
NaN
NaN
capa2
583791193
604068863
560838602
547794517
capa2_1
316429906
336453095
317233980
315014585
capa3
560768352
568180578
565763621
550609501
capa3_1
316429906
336453095
317233980
315014585
capa4
571347079
598250589
559413252
547068228
capa4_1
316429906
336453095
317233980
315014585
capb1
504496366
579209954
534065099
468275068
capb1_1
253859517
286444321
255518775
252480772
capb2
540247022
731194882
572604834
506917887
capb2_1
253859517
286444321
255518775
252480772
capb3
584933534
640317714
574174338
550750543
capb3_1
253859517
286444321
255518775
252480772
capb4
553213642
597059782
551911197
545800640
capb4_1
253859517
286444321
255518775
252480772
pn56
542720
558537
545940
539561
pn56_1
473513
477901
473513
473513
pn56_2
420850
428592
420850
420850
pn57
547520
563337
550740
544361
pn58
558720
574537
561940
555561
pn59
548421
567189
556102
548421
pn60
625687
647306
625338
624254
pn61
628987
650606
628638
627554
pn62
636687
658306
636338
635254
pn63
631608
653537
635900
623281
pn64
727851
731230
720930
720930
pn65
730251
733630
723330
723330
pn66
735851
739230
728930
728930
pn67
607508
620875
607508
607508
pn68
702643
734464
706588
702643
pn69
705343
737164
709288
705343
pn69_1
659572
685484
659685
659572
pn69_2
NaN
NaN
NaN
NaN
pn70
711643
743464
715588
711643
pn71
709660
740969
709660
709660
