104
94
87
82
81
71
75
65
69
69
66
77
77
65
67
62
64
68
64
66
64
61
63
66
62
64
68
62
69
64
65
65
65
62
69
71
69
67
64
59
62
60
59
69
69
70
59
65
66
63
104
94
87
82
81
71
75
65
69
69
66
77
77
65
67
62
64
68
64
66
64
61
63
66
62
64
68
62
69
64
65
65
65
62
69
71
69
67
64
59
62
60
59
69
69
70
59
65
66
63
104
94
87
82
81
71
75
65
69
69
66
77
77
65
67
62
64
68
64
66
64
61
63
66
62
64
68
62
69
64
65
65
65
62
69
71
69
67
64
59
62
60
59
69
69
70
59
65
66
63
104
94
87
82
81
71
75
65
69
69
66
77
77
65
67
62
64
68
64
66
64
61
63
66
62
64
68
62
69
64
65
65
65
62
69
71
69
67
64
59
62
60
59
69
69
70
59
65
66
63
106
104
103
105
101
104
104
106
106
105
105
105
107
103
108
106
99
94
97
94
95
104
97
97
78
93
95
97
88
97
91
93
88
86
98
101
91
93
97
89
99
99
89
95
98
88
95
98
94
98
106
104
103
105
101
104
104
106
106
105
105
105
107
103
108
106
99
94
97
94
95
104
97
97
78
93
95
97
88
97
91
93
88
86
98
101
91
93
97
89
99
99
89
95
98
88
95
98
94
98
106
104
103
105
101
104
104
106
106
105
105
105
107
103
108
106
99
94
97
94
95
104
97
97
78
93
95
97
88
97
91
93
88
86
98
101
91
93
97
89
99
99
89
95
98
88
95
98
94
98
106
104
103
105
101
104
104
106
106
105
105
105
107
103
108
106
99
94
97
94
95
104
97
97
78
93
95
97
88
97
91
93
88
86
98
101
91
93
97
89
99
99
89
95
98
88
95
98
94
98
101
101
101
93
88
80
78
78
72
71
78
72
74
72
67
65
63
72
70
65
64
66
62
72
75
73
69
70
65
62
61
68
71
77
73
78
73
68
71
67
65
70
62
63
67
68
71
66
68
66
101
101
101
93
88
80
78
78
72
71
78
72
74
72
67
65
63
72
70
65
64
66
62
72
75
73
69
70
65
62
61
68
71
77
73
78
73
68
71
67
65
70
62
63
67
68
71
66
68
66
101
101
101
93
88
80
78
78
72
71
78
72
74
72
67
65
63
72
70
65
64
66
62
72
75
73
69
70
65
62
61
68
71
77
73
78
73
68
71
67
65
70
62
63
67
68
71
66
68
66
101
101
101
93
88
80
78
78
72
71
78
72
74
72
67
65
63
72
70
65
64
66
62
72
75
73
69
70
65
62
61
68
71
77
73
78
73
68
71
67
65
70
62
63
67
68
71
66
68
66
105
107
105
97
91
84
75
76
62
62
68
67
80
80
74
69
68
74
66
70
71
67
66
62
62
61
63
64
49
56
54
59
60
49
60
55
54
52
58
60
52
58
56
58
59
60
54
53
61
54
105
107
105
97
91
84
75
76
62
62
68
67
80
80
74
69
68
74
66
70
71
67
66
62
62
61
63
64
49
56
54
59
60
49
60
55
54
52
58
60
52
58
56
58
59
60
54
53
61
54
105
107
105
97
91
84
75
76
62
62
68
67
80
80
74
69
68
74
66
70
71
67
66
62
62
61
63
64
49
56
54
59
60
49
60
55
54
52
58
60
52
58
56
58
59
60
54
53
61
54
105
107
105
97
91
84
75
76
62
62
68
67
80
80
74
69
68
74
66
70
71
67
66
62
62
61
63
64
49
56
54
59
60
49
60
55
54
52
58
60
52
58
56
58
59
60
54
53
61
54
88
69
61
57
61
60
65
60
60
56
63
54
54
51
57
60
55
57
53
50
52
51
58
55
52
53
55
50
53
53
50
48
55
48
53
60
55
57
55
51
42
49
45
50
49
48
47
49
50
41
88
69
61
57
61
60
65
60
60
56
63
54
54
51
57
60
55
57
53
50
52
51
58
55
52
53
55
50
53
53
50
48
55
48
53
60
55
57
55
51
42
49
45
50
49
48
47
49
50
41
88
69
61
57
61
60
65
60
60
56
63
54
54
51
57
60
55
57
53
50
52
51
58
55
52
53
55
50
53
53
50
48
55
48
53
60
55
57
55
51
42
49
45
50
49
48
47
49
50
41
88
69
61
57
61
60
65
60
60
56
63
54
54
51
57
60
55
57
53
50
52
51
58
55
52
53
55
50
53
53
50
48
55
48
53
60
55
57
55
51
42
49
45
50
49
48
47
49
50
41
105
106
104
103
102
105
100
102
94
93
89
93
80
86
89
85
82
85
85
85
92
94
85
88
91
90
95
78
81
83
86
87
84
87
86
82
80
89
89
97
84
98
81
86
81
91
80
94
95
89
105
106
104
103
102
105
100
102
94
93
89
93
80
86
89
85
82
85
85
85
92
94
85
88
91
90
95
78
81
83
86
87
84
87
86
82
80
89
89
97
84
98
81
86
81
91
80
94
95
89
105
106
104
103
102
105
100
102
94
93
89
93
80
86
89
85
82
85
85
85
92
94
85
88
91
90
95
78
81
83
86
87
84
87
86
82
80
89
89
97
84
98
81
86
81
91
80
94
95
89
105
106
104
103
102
105
100
102
94
93
89
93
80
86
89
85
82
85
85
85
92
94
85
88
91
90
95
78
81
83
86
87
84
87
86
82
80
89
89
97
84
98
81
86
81
91
80
94
95
89
105
107
106
106
107
106
106
106
108
106
106
105
107
105
108
106
108
110
107
103
107
109
106
108
104
107
106
103
106
107
105
106
105
104
104
105
105
110
107
106
106
106
103
105
106
104
103
105
104
105
106
105
105
108
107
105
106
108
105
106
105
106
107
107
104
108
105
103
104
105
107
104
105
104
106
107
106
104
106
103
107
108
106
105
104
106
104
102
104
109
106
107
106
104
104
105
105
105
102
104
104
103
104
107
107
107
108
106
106
104
109
106
107
105
106
105
105
106
108
105
104
103
104
106
106
106
103
104
109
107
106
106
107
104
106
106
106
103
106
105
108
106
107
108
102
104
105
106
105
107
106
108
105
107
104
107
109
109
108
109
107
109
108
109
104
104
106
103
104
106
107
103
105
106
106
104
106
105
110
107
103
102
105
105
107
107
103
104
107
105
102
104
102
106
105
107
102
103
103
104
106
106
106
107
105
103
109
107
107
107
107
107
105
106
105
107
107
107
105
106
107
107
104
104
101
103
103
104
103
105
103
103
102
105
104
102
101
102
103
103
104
104
104
104
103
107
104
103
105
107
104
101
101
103
101
102
105
103
101
101
104
104
101
101
103
103
102
102
100
100
101
100
102
101
100
85
86
93
82
66
75
74
65
80
73
77
76
81
80
67
74
76
71
80
74
64
71
69
73
76
106
103
107
105
105
110
108
107
108
105
109
108
107
103
105
109
108
105
105
108
105
109
106
108
106
109
107
109
107
106
105
108
107
106
105
107
105
104
104
106
105
103
105
103
104
103
103
103
102
103
104
101
101
103
101
102
105
103
101
101
104
104
101
101
103
103
102
102
100
100
101
100
102
101
100
85
86
93
82
66
75
74
65
80
73
77
76
81
80
67
74
76
71
80
74
64
71
69
73
76
104
106
106
107
108
105
106
105
107
108
107
106
105
108
108
104
103
105
108
103
103
106
103
105
103
104
104
106
105
102
105
100
103
106
105
101
105
105
104
103
105
104
103
103
103
105
103
103
103
105
104
101
101
103
101
102
105
103
101
101
104
104
101
101
103
103
102
102
100
100
101
100
102
101
100
85
86
93
82
66
75
74
65
80
73
77
76
81
80
67
74
76
71
80
74
64
71
69
73
76
103
105
104
107
106
106
106
103
108
105
106
106
105
105
106
105
105
104
106
106
106
106
106
102
105
102
103
105
104
106
105
106
102
106
106
104
104
101
104
104
106
104
103
103
105
105
103
103
104
104
104
101
101
103
101
102
105
103
101
101
104
104
101
101
103
103
102
102
100
100
101
100
102
101
100
85
86
93
82
66
75
74
65
80
73
77
76
81
80
67
74
76
71
80
74
64
71
69
73
76
103
104
110
106
109
107
109
107
110
108
109
109
108
110
107
107
110
108
107
105
110
109
107
107
108
109
109
106
109
108
109
110
107
107
109
105
108
106
106
106
103
106
104
107
107
109
104
105
105
108
102
100
100
100
102
101
103
100
103
105
101
101
102
100
101
100
102
100
103
102
102
102
101
103
102
102
101
98
77
63
62
57
62
73
64
62
61
54
50
39
49
47
42
44
47
51
49
54
49
47
103
104
106
108
108
108
107
108
106
107
107
108
106
107
108
110
110
108
110
109
107
109
106
108
109
109
109
104
109
109
106
107
109
107
109
106
109
107
107
107
103
105
105
106
98
106
104
105
106
106
102
100
100
100
102
101
103
100
103
105
101
101
102
100
101
100
102
100
103
102
102
102
101
103
102
102
101
98
77
63
62
57
62
73
64
62
61
54
50
39
49
47
42
44
47
51
49
54
49
47
104
106
108
107
109
107
108
106
107
106
107
108
106
107
110
109
109
107
109
105
109
109
107
108
108
108
108
105
109
109
107
108
104
106
106
107
107
103
104
103
103
105
107
108
108
107
106
107
108
106
102
100
100
100
102
101
103
100
103
105
101
101
102
100
101
100
102
100
103
102
102
102
101
103
102
102
101
98
77
63
62
57
62
73
64
62
61
54
50
39
49
47
42
44
47
51
49
54
49
47
105
107
104
108
108
106
106
108
106
108
108
107
109
107
107
109
110
109
109
107
109
105
107
105
106
106
107
107
107
107
108
108
105
108
104
106
109
109
105
105
109
106
106
106
106
108
107
107
105
106
102
100
100
100
102
101
103
100
103
105
101
101
102
100
101
100
102
100
103
102
102
102
101
103
102
102
101
98
77
63
62
57
62
73
64
62
61
54
50
39
49
47
42
44
47
51
49
54
49
47
102
104
104
106
103
104
107
104
108
106
105
106
104
103
106
106
104
103
104
101
105
105
106
106
105
105
104
104
102
105
106
102
104
103
108
106
105
107
104
104
105
106
106
108
104
104
105
105
105
105
101
101
101
103
103
105
100
104
103
106
103
105
103
104
103
103
103
105
103
105
104
104
107
105
103
103
104
105
104
104
104
107
103
103
106
104
106
104
104
105
105
105
104
107
107
105
104
104
108
105
100
100
101
101
103
100
100
102
102
95
95
98
100
98
99
101
100
102
98
100
91
82
95
94
98
94
90
96
102
102
101
100
89
100
90
93
88
84
93
95
88
74
77
75
78
70
84
84
85
80
102
104
104
106
103
104
107
104
108
106
105
106
104
103
106
106
104
103
104
101
105
105
106
106
105
105
104
104
102
105
106
102
104
103
108
106
105
107
104
104
105
106
106
108
104
104
105
105
105
105
102
104
104
106
103
104
107
104
108
106
105
106
104
103
106
106
104
103
104
101
105
105
106
106
105
105
104
104
102
105
106
102
104
103
108
106
105
107
104
104
105
106
106
108
104
104
105
105
105
105
102
103
107
104
103
102
104
105
104
105
108
104
107
106
106
106
106
104
103
103
105
104
102
104
106
106
107
106
105
109
107
103
106
107
104
107
108
105
104
105
108
106
107
107
105
106
107
106
108
107
104
103
103
105
102
108
105
106
105
105
101
105
104
104
104
105
102
106
107
103
103
105
106
107
104
103
105
102
104
105
104
101
107
106
106
106
106
104
107
105
103
102
105
104
99
105
104
104
104
106
104
103
103
105
102
108
105
106
105
105
101
105
104
104
104
105
102
106
107
103
103
105
106
107
104
103
105
102
104
105
104
101
107
106
106
106
106
104
107
105
103
102
105
104
99
105
104
104
104
106
104
103
103
105
102
108
105
106
105
105
101
105
104
104
104
105
102
106
107
103
103
105
106
107
104
103
105
102
104
105
104
101
107
106
106
106
106
104
107
105
103
102
105
104
99
105
104
104
104
106
101
104
103
103
104
105
102
105
102
105
107
104
107
103
104
104
104
102
104
104
103
103
103
105
105
104
103
105
103
98
104
104
92
101
94
105
107
102
105
105
105
96
102
104
105
105
102
103
103
108
104
105
104
107
106
102
102
106
103
104
107
105
104
106
107
102
104
104
108
105
107
101
103
102
104
99
102
103
104
102
105
99
91
102
107
103
103
105
104
105
107
107
101
98
99
103
97
102
104
97
104
105
104
107
106
102
102
106
103
104
107
105
104
106
107
102
104
104
108
105
107
101
103
102
104
99
102
103
104
102
105
99
91
102
107
103
103
105
104
105
107
107
101
98
99
103
97
102
104
97
104
105
104
107
106
102
102
106
103
104
107
105
104
106
107
102
104
104
108
105
107
101
103
102
104
99
102
103
104
102
105
99
91
102
107
103
103
105
104
105
107
107
101
98
99
103
97
102
104
97
102
104
103
103
107
105
105
103
103
106
104
103
106
103
103
107
103
103
105
104
104
102
100
104
106
102
103
104
103
100
104
104
102
104
96
106
103
105
106
107
103
97
103
103
103
96
95
95
90
95
84
103
104
104
102
105
105
104
105
103
98
87
100
104
104
104
105
104
104
103
105
105
107
107
105
105
107
108
100
105
103
102
107
105
104
94
106
104
106
105
106
96
104
104
97
103
103
107
108
102
84
103
104
104
102
105
105
104
105
103
98
87
100
104
104
104
105
104
104
103
105
105
107
107
105
105
107
108
100
105
103
102
107
105
104
94
106
104
106
105
106
96
104
104
97
103
103
107
108
102
102
103
103
103
105
101
102
101
103
104
103
102
103
103
101
101
103
105
105
102
105
102
103
103
102
103
103
104
103
102
100
102
102
101
101
105
100
101
102
104
101
103
101
100
102
105
101
101
101
101
84
103
104
104
102
105
105
104
105
103
98
87
100
104
104
104
105
104
104
103
105
105
107
107
105
105
107
108
100
105
103
102
107
105
104
94
106
104
106
105
106
96
104
104
97
103
103
107
108
102
84
104
105
104
103
103
104
103
103
105
103
104
105
97
99
104
102
104
101
99
105
106
103
106
103
105
102
103
104
105
103
102
105
104
103
104
98
1