cap101
3883226133[0000000000100000100000000]
5132235518 [0000000000000000000000101]
cap102
3883231133[0000000000100000100000000]
5544798879 [0000000000000000100000001]
cap103
3883236133[0000000000100000100000000]
5736085460 [0000001010000000000000000]
cap104
3883243633[0000000000100000100000000]
5152952475 [1000000000000000100000000]
cap121
4296824363[00000000000000000100000000000000010001000000000001]
10958235662 [00010010000010000000000000000000000000000000001000]
cap122
4301903069[00000000000000001000000010000000010010000000000000]
24677150232 [00000000000000000001000000000000000000100000100010]
cap123
4210600133[00000000000000000000000010010000010001000000000000]
11023019011 [00100000000000010000000000010010000000000000000000]
cap124
4321875717[00000000000000000000000000000000010010000100000001]
16581038103 [00000100000000000000010000001000000000000000100000]
cap131
4120442509[00000000000100000000000000000000010000000000000000]
5904309421 [00000010000000001000000000000000000000000000000000]
cap132
4134971138[00000000000000000000000000010000010000000000000000]
5878905904 [00000000000100000000000000010000000000000000000000]
cap133
3883236133[00000000000000000000001000000000010000000000000000]
7210115475 [10000000000000000000000000000001000000000000000000]
cap134
3883243633[00000000000000000000001000000000010000000000000000]
5571569927 [00000000000010000000000000000000000000000100000000]
cap61
4688622204[0011010000010000]
8325210590 [0011000001100000]
cap62
4688642204[0011010000010000]
11679776740 [1000000010000110]
cap63
4688662204[0011010000010000]
7018585550 [1000010010000100]
cap64
4688692204[0011010000010000]
12163397137 [0000010111000000]
cap71
4879355523[0010000000100000]
4879355523 [0010000000100000]
cap72
4879360523[0010000000100000]
9997101559 [0000000000010001]
cap73
4879365523[0010000000100000]
5419755676 [0010000000000100]
cap74
4879373023[0010000000100000]
5495948647 [0000010001000000]
cap91
4148374586[0001000000000000101100000]
12163371405 [0000010101100000000000000]
cap92
4296910045[0000100000010000101000000]
11066682506 [0100000000001001000000001]
cap93
4148414586[0001000000000000101100000]
8077009891 [0000000010010001010000000]
cap94
4148444586[0001000000000000101100000]
22226359375 [0000000100000000000001011]
capa1
621725598[0000100000000001000001000000000000000000000000000010000000000000010000000000010000000000000000000001]
952218217 [0000000000010001000000000000000000000001000000000000000000100000000010000000000000001000000000000010]
capa1_1
560893490[0000000000000000000001000010000000000000000100000000000000000000000000000000000000101000100100001000]
987752256 [0000000000000000000000000000000000000001000010010000000001000000000000000000000000010000000001010100]
capa1_2
537560582[0000000000001000000000000110000100000000100000000010000100000000000000000000001000000000000000001000]
745254190 [0000000000000000100100000000101000000000000000000000000000000100000000000000100000000000110001000000]
capa1_3
499666475[0000000000000001000000000010000010000000000000000000000000001000000000010000000000011000100100000010]
659934088 [0000000010000001100100000001000000000000000010000000001000100000000000000000000000010000001000000000]
capa1_4
490401178[1000000000000000000001000000010000001001000010000000000000100000000010001000000000000000000100001000]
576598011 [0110100000000000100101000000000000001000000000000000000000011000000000000000000000010000000010000000]
capa1_5
318743531[1000011011010101100110011001110111101001100000000010110010110100101010100000101011010000010101101001]
366017126 [0110001111011111010101010010111100111010100011011011100011111101010111111110111000111110000110011001]
capa1_6
unfeasable...
capa2
562995869[0000000000000000000001000110000000000000000100100000000100000010000000000000000000000000000100000000]
757366941 [0000000000000001000000101000000000000000000100001000000000000000000000000010000000000100000000000000]
capa2_1
320058685[1000011001000010100110010110110111111000100000000011111110110000001000000010001011110000011101101001]
368285740 [0100101110011001011101111110100010100000110101110110110100101111111001110001110110111001111101001011]
capa3
554826256[0000000000000001000000000010000000010100100000100000000000000010000000000000001000000000000000000000]
738469318 [0000000000100010000000000000000100000000000000000000001000000000000100000000000000000000010000000000]
capa3_1
322318544[0001001001000111000100110000110111101000100100000111111010100001001010001111001011011000011101101001]
371799669 [0101111111101001110001110101011011111111110001111110011101111100100100001001000100100111010101001000]
capa4
562919905[0000000000000000000001000010000000000000100000000000010000000110001000000000001000000000000000000000]
761435653 [0000000000000000000000000000000000000000100000000000000000000110000000000000001001000010000000000000]
capa4_1
320748406[0000011111000101100110011001110111101001001000010011111010101001101010000001101011010000010111101000]
378506164 [1111010010001001101101101111000011011111011000111100111000010101100010011110100000111110111100111010]
capb1
501318191[0000000000000000000000000000000000000000000000001000000000000000000001011001000100001100100000001010]
744325908 [0000000001001000100000000000000000001100000000000000000000000000000000010001000000000000010100001010]
capb1_1
257185154[0001001100111111110101111001111111011100100010010111001000111111101001111111100111111001111001111111]
309203496 [1001111101001110001011011001111101101000010001111110010101011110110101001101110101001101000111011011]
capb2
570038001[0000000000000000010010010000000000000001000000101000100000000000000000010000000000001000000000000000]
903263216 [0000001000000000110000000000010000010000000000000001100000000000000000000000000000000000000000000011]
capb2_1
255808824[1000001010111110010101111000101111011100100011010111111010011111101011110110101111111001101011100111]
322515892 [0000101110110111111001110100000110100101001011001001010111110010101100101110001100011001000101110101]
capb3
576063394[0000001000100000001000000000000000001000000000001100100000000000000000000000000000000000000000000100]
1107236506 [0100000000000000000001001000010000000000000000000000000000000000000101000000001000000000010000000000]
capb3_1
255905104[1101001011111110110011111001111111011101110001010111010000111111101011110111100111001011101101000111]
295411138 [0000111111000000011001101011111100110011111010100001110100011111111010111011110010111110110110010110]
capb4
566737182[0000000000000010010000000000000000000000000000110000010000000001000010000000000000000000000000000100]
1040340607 [0000011000000000000010000001000000000000000000000000000000001000000000000000000010001000000010000000]
capb4_1
254210469[1101011001111110110001111101111110111101110000010111010100011111101111110100110111001001111001001110]
294782955 [0011001001100011110111000111001110001100001100110001100111011101011101010101110000111101100011011101]
pn56
546061[110011101111001011001001000101]
617701 [100011011111110010101010100010]
pn56_1
473513[101111011111001111001001100111]
578491 [110001101111010100001110100111]
pn56_2
420850[111111111111111111111111111111]
526878 [110010111101101111101100001111]
pn57
547520[011011001111001011011000100101]
unfeasable...
pn58
559225[110111001111001011000001100101]
707001 [011111110110000100001001101110]
pn59
551070[011011001111001011011000100101]
695490 [001011010000111110110011011010]
pn60
624254[011011011001000110000010000100]
720729 [100000010001001110000001110101]
pn61
620433[000011001111001001010000100100]
739756 [110001010011001101000000101000]
pn62
634433[100011001101001001000001000101]
746235 [100010001001001110101100000100]
pn63
632102[000011001111001001010000001100]
795189 [010101110000010001010000001011]
pn64
731230[000011001101001000000010000100]
867967 [010000000000101101001010000100]
pn65
723330[001011001001001000010010000000]
974728 [110010100000000001101000001000]
pn66
740822[001001001001001001010010000000]
864129 [000001000010000001100110011000]
pn67
620907