cap101
3883226133
3905771349
3883226133
3883226133
cap102
3883231133
3905781349
3883231133
3883231133
cap103
3883236133
3905791349
3883236133
3883236133
cap104
3883243633
3905806349
3883243633
3883243633
cap121
4173793835
4480380884
4148374586
4148374586
cap122
4173813835
4480400884
4148394586
4148394586
cap123
4173833835
4480420884
4148414586
4148414586
cap124
4173863835
4480450884
4148444586
4148444586
cap131
3883226133
4039708410
3883226133
3883226133
cap132
3883231133
4039718410
3883231133
3883231133
cap133
3883236133
4039728410
3883236133
3883236133
cap134
3883243633
4039743410
3883243633
3883243633
cap61
4688622204
4861132757
4688622204
4688622204
cap62
4688642204
4861152757
4688642204
4688642204
cap63
4688662204
4861172757
4688662204
4688662204
cap64
4688692204
4861202757
4688692204
4688692204
cap71
4879355523
4883016507
4879355523
4879355523
cap72
4879360523
4883026507
4879360523
4879360523
cap73
4879365523
4883036507
4879365523
4879365523
cap74
4879373023
4883051507
4879373023
4879373023
cap91
4148374586
4436132354
4148374586
4148374586
cap92
4148394586
4436152354
4148394586
4148394586
cap93
4148414586
4436172354
4148414586
4148414586
cap94
4148444586
4436202354
4148444586
4148444586
capa1
614443179
736145193
633164304
590771573
capa1_1
553957733
599357702
566775573
549976173
capa1_2
541487031
548419672
527083455
516192221
capa1_3
506988682
542259134
504494469
495550256
capa1_4
490663769
520565934
478383661
476528959
capa1_5
315692410
355916823
317677044
314581276
capa1_6
NaN
NaN
NaN
NaN
capa2
566948690
582804476
553868663
551978440
capa2_1
315692410
355916823
317677044
314581276
capa3
566183886
605588414
565118125
552673113
capa3_1
315692410
355916823
317677044
314581276
capa4
557146902
594456336
560381772
551978440
capa4_1
315692410
355916823
317677044
314581276
capb1
493941206
578644016
512487672
478833321
capb1_1
253596319
304518135
253906051
252768290
capb2
537901449
661122448
567573617
507004757
capb2_1
253596319
304518135
253906051
252768290
capb3
555274367
613551518
580461276
553118148
capb3_1
253596319
304518135
253906051
252768290
capb4
558602090
619124637
547176556
538713398
capb4_1
253596319
304518135
253906051
252768290
pn56
542720
565752
542720
539561
pn56_1
475566
473513
477234
473513
pn56_2
420850
445579
420850
420850
pn57
547520
570552
547520
544361
pn58
558720
581752
558720
555561
pn59
548421
574264
548902
548421
pn60
617133
645505
624254
617133
pn61
620433
648805
627554
620433
pn62
628133
656505
635254
628133
pn63
631608
671420
633847
623281
pn64
720930
754584
725357
720930
pn65
723330
756984
727757
723330
pn66
728930
762584
733357
728930
pn67
607508
638785
622305
607508
pn68
702643
718319
706588
702643
pn69
705343
721019
709288
705343
pn69_1
659572
665288
659572
659572
pn69_2
NaN
NaN
NaN
NaN
pn70
711643
727319
715588
711643
pn71
717141
725042
709660
709660
