50 50
4
146 87 672 1337 31 559 2370 1089 33 32 5495 904 1466 143 615 564 226 3016 253 195 38 807 551 304 814 337 4368 577 482 495 231 322 685 12912 325 366 3671 2213 705 328 1681 1117 275 500 2241 733 222 49 1464 222 
12500 12500 12500 12500 12500 12500 12500 12500 12500 12500 12500 12500 12500 12500 12500 12500 12500 12500 12500 12500 12500 12500 0 12500 12500 12500 12500 12500 12500 12500 12500 12500 12500 12500 12500 12500 12500 12500 12500 12500 12500 12500 12500 12500 12500 12500 12500 12500 12500 12500 
15000 15000 15000 15000 15000 15000 15000 15000 15000 15000 15000 15000 15000 15000 15000 15000 15000 15000 15000 15000 15000 15000 15000 15000 15000 15000 15000 15000 15000 15000 15000 15000 15000 15000 15000 15000 15000 15000 15000 15000 15000 15000 15000 15000 15000 15000 15000 15000 15000 15000 
2610 3292 6740 8933 6804 5984 10355 7650 8085 4247 5220 5776 6641 7816 4375 3847 5033 6429 6720 3661 7358 5397 5220 8346 4183 6388 7391 5543 5039 10350 6400 5559 6052 9568 3792 4898 9065 7159 11178 8698 4782 6033 6661 5300 8846 11656 9977 5302 8663 3947 
2369 1148 3205 4510 4028 2752 5457 3845 4792 2505 2397 2628 3220 3860 1839 2266 2286 3118 3299 2597 3680 2583 2297 4205 1779 2995 5116 2491 2189 5399 3046 2499 2838 4941 1446 2351 4643 3507 6635 4370 2036 2891 3943 2608 5985 6920 5919 3575 4386 1539 
38119 28711 4914 17161 44554 7031 26410 19622 50450 35490 13877 9148 14977 9988 21848 35330 20546 15112 25670 37313 29954 23680 9828 13734 19303 6569 57473 8896 11180 22957 12390 7342 15490 21294 21806 22714 18992 16657 67393 15523 12298 23856 48569 27686 66066 66973 59161 44864 16204 22621 
94158 75407 32372 11548 94125 35113 29982 21024 105322 79267 29681 21275 20072 28595 64293 80187 47631 25921 53179 95094 61703 69206 23097 42166 48700 24701 135171 25119 40528 60516 47246 30417 52912 19804 61669 53848 15192 17164 141839 16713 34762 49569 105289 76944 142842 137026 121517 110119 12183 58878 
1432 1278 1715 1884 567 1581 2152 1578 839 876 1062 1250 1364 1924 1524 956 1017 1319 949 1655 815 1789 1133 2087 1015 1583 2006 1270 1380 2513 1815 1382 1824 2008 1383 948 1901 1498 1685 1926 1108 908 1169 1799 2040 1601 1240 2004 1836 1237 
29389 21549 6422 15994 35203 3515 23702 16197 40108 27664 10383 7484 12333 10628 15841 27251 15233 12445 20194 28705 23758 17769 7029 12654 13919 6261 45475 6254 6967 20327 9091 4947 10956 19446 15806 17036 17518 13730 54202 15093 8371 18685 38375 21102 52623 53853 47354 34986 15198 16484 
181957 151443 81972 45119 179350 86890 28499 43134 199791 153665 65768 58806 48555 75277 138615 155294 97585 53177 107361 187467 122470 147325 56999 99392 102384 68434 259515 65619 96429 131920 108339 78566 118382 37594 126440 108605 40320 50570 262507 54214 78329 100962 199791 160390 266358 256049 228498 214100 46245 120959 
70159 56138 33391 20160 68961 32030 26544 6371 78354 57159 16771 13572 8862 34045 51551 57908 31390 10985 35883 72691 42825 57377 12741 45125 33596 25346 105796 16703 32221 60072 42893 24339 46528 21821 44649 36454 21086 12129 107171 24366 22542 32942 78354 60249 108941 104204 91544 84928 20705 42131 
1719 1555 2021 2187 798 1877 2481 1869 698 1127 1325 1526 1646 2243 1817 1212 1360 1593 1205 1957 1062 2099 1396 2417 1275 1880 1940 1538 1664 2870 2127 1666 2136 2328 1668 1204 2219 1789 1599 2240 1374 1157 1050 2110 1977 1509 1126 2150 2145 1512 
1038 879 1460 1709 1025 1320 1995 1402 1306 464 870 1051 1181 1675 1133 546 738 1135 1066 1269 1206 1407 929 1876 769 1323 1950 1000 1145 2315 1563 1115 1501 1847 989 667 1736 1319 1984 1748 833 916 1087 1417 1986 2088 1720 1628 1668 837 
282031 211283 141015 156814 275986 123981 205925 104130 324205 216434 12639 46089 66146 165880 198301 220212 86409 58178 109076 294807 144106 241574 25277 213000 97536 105504 461992 48150 106122 288419 178794 81738 185456 180442 162789 111961 161484 89775 468792 165812 55500 94239 323381 245901 477722 453818 389939 356557 149807 140603 
50692 38013 17685 20962 51754 16555 32069 15323 59687 41573 8430 1232 9074 20939 32781 41335 20566 9255 24295 52229 30058 37595 2463 29550 19775 11074 79236 3831 16713 41957 25572 10170 28589 26227 28725 24385 23131 11334 83247 20928 10351 21854 59167 41335 84558 81010 70501 62387 19673 26657 
87703 68426 38208 29485 86091 36375 42477 15320 98955 70203 15833 11526 5186 43485 62653 71211 35514 11563 41561 91112 50907 70496 10372 57449 38483 27378 135275 15741 36632 77570 50998 26022 55891 35789 53362 42331 30731 11600 137529 32582 23566 37603 98735 74363 139911 133534 116492 107586 27616 49972 
8995 7014 1954 3076 10271 2401 5044 4090 11526 8342 3428 2290 3530 1217 5554 8308 5162 3559 5938 8845 6878 5947 2435 2672 4898 1741 13135 2275 3284 4635 3545 2352 4204 3956 5545 5623 3466 3423 15131 2520 3407 5552 11125 6800 14963 15042 13379 10452 2869 5718 
22109 13807 17182 27575 34163 13984 36054 25400 39560 23393 16298 15829 21148 21809 7311 21710 15513 20779 22678 21464 25369 12569 14622 24039 11931 16866 39914 14091 11170 32480 15844 13361 14376 31373 9640 15975 29251 22701 52898 26599 12777 19788 33564 13115 48347 54681 47532 28375 26699 11816 
16807 14001 25641 30562 19557 22905 35603 25154 24506 9680 15764 18422 21256 29434 18478 8136 13451 20438 19232 20868 21700 23300 16271 32127 12620 23237 35095 17533 19254 39868 26304 19557 24957 32987 15933 12197 31041 23681 36456 30710 14579 16582 19881 23477 36498 38303 31817 27206 29843 13261 
10300 7390 7031 8472 10012 6048 10492 6305 12560 6964 2543 3918 4743 8551 6856 7119 1531 4415 4164 10825 5153 8789 3062 9992 2712 6068 17459 3783 5031 13094 7755 4593 8294 9444 5401 2667 8664 5715 17693 8842 2599 3102 11362 8989 17710 17552 14924 13365 8184 4483 
175305 136474 78454 73100 171987 74684 92516 36644 198000 139302 27446 23563 23035 89311 126333 141375 67935 11423 80376 182317 99603 144881 22846 118039 74043 56173 274079 32234 75212 159433 104768 53383 114834 79434 107219 81960 75664 36305 280375 79396 45919 72233 198000 150423 282712 269593 234532 216210 69255 97681 
14105 10873 9453 10186 10310 8668 12441 7754 12530 10041 3542 5082 6006 10598 10275 10215 4314 5639 2062 14718 4238 12438 4124 12767 5636 7818 21790 5177 8074 16239 11123 6723 11727 11268 8646 5231 10401 7100 19187 10594 5351 2796 14965 12663 22071 18497 15556 17561 9864 7618 
4719 4739 8597 11897 10320 7583 14113 10501 12032 6905 7254 7876 9153 10064 5467 6372 7005 8870 9277 3656 10130 6730 7313 10879 5870 8497 9506 7622 6696 13555 8173 7391 7707 13238 5406 7152 12429 9845 15676 11583 6547 8361 10130 5845 12180 16314 14559 5848 11615 5614 
2204 1719 1581 1691 1302 1463 2030 1326 1636 1594 694 925 1064 1761 1629 1620 733 1008 556 2296 390 1954 781 2079 932 1336 3067 939 1298 2601 1756 1171 1847 1854 1384 871 1723 1228 2674 1753 889 505 2042 1987 3109 2532 2090 2723 1643 1230 
33087 23443 23171 37576 50155 19560 48702 36073 57236 36022 26167 23494 30495 29264 14919 33813 25683 30656 35084 31816 38615 11167 22334 29102 20982 23524 56026 21214 17381 40179 17905 20256 15979 42539 17976 26288 39775 32512 74738 35912 21002 31291 49368 15979 67092 77038 67697 40885 36406 20831 
29547 21820 12088 14278 30209 10393 19877 9670 34961 23989 3802 2252 5847 14071 19650 23845 11199 6261 13472 30994 16985 22873 0 19319 10703 8017 46945 2294 10145 26882 15889 6157 17728 16757 16158 13513 14856 7666 50148 14257 4959 11984 34713 24051 50189 48040 41635 36676 13493 14898 
19258 15154 4883 8660 22473 5240 12852 10822 25141 18677 8930 6798 9435 4716 11943 18149 11947 9496 14265 19106 16203 11617 7106 3553 10898 5632 28226 6684 7117 7725 6509 5974 7912 10537 11924 12593 9496 9405 33421 7486 7881 13444 24198 13429 31947 32615 29081 22523 8227 12293 
32601 22120 24064 31410 36264 20116 39683 24603 43407 26099 11050 13645 18976 29538 20197 24685 10012 17796 19495 34493 23057 27157 10541 33425 5271 20594 59259 12363 14845 44597 26669 15283 26496 35297 14937 10623 32489 21866 64744 31380 8099 15670 41636 27880 64805 63421 53958 43641 30250 11650 
19133 14415 4124 7502 21737 4259 12149 8181 24694 17191 5611 2953 5851 5337 11614 17111 9697 5919 11525 19369 13674 12852 3269 8547 9074 1634 29479 2801 5624 13172 7620 3075 8745 9583 10953 10784 8421 6694 33190 6967 5561 10616 23935 14794 33148 32668 28750 23156 7022 11361 
175157 190445 281463 355282 238384 258749 406770 325853 225170 205569 253235 264755 294458 314332 211357 210756 242970 289435 287742 170789 273328 239639 248102 332569 222222 279224 124051 257876 238875 392519 271963 254436 261534 380835 205405 233251 365875 308872 262244 348348 234998 267212 177232 219820 183947 276549 279934 151733 352989 210046 
31418 23340 11057 15024 33379 9282 22114 11425 38298 25597 5582 2431 7436 13293 19279 25460 12766 7551 15709 32572 19387 22352 1601 18630 11699 6794 49651 801 9023 26549 15038 4847 16964 18385 18147 14627 16408 8879 52990 15002 5683 14151 36827 24739 53034 52630 45922 39056 14201 16091 
22293 15532 8586 15816 27305 6079 22449 14123 31535 21286 7459 6609 10791 12213 11526 20449 11038 10887 16352 22630 18461 14092 5917 13960 8953 7423 37090 5248 2958 20575 9381 4675 9917 18780 10580 12122 17129 11996 44699 15038 5121 14086 30041 16087 42326 43386 37783 28046 15129 11164 
35888 29205 12480 18631 41122 13062 25455 22151 45466 34941 19070 15599 19893 12208 23977 34081 23983 19992 27757 35640 30913 23444 16100 10315 22275 13699 50490 15413 16118 8050 15128 14256 17412 21687 23946 25035 19992 19843 58503 16719 17362 26421 43931 26396 56548 57637 51882 41203 17925 24546 
12035 8917 3728 7938 15529 2989 11117 8229 17556 12413 5827 4629 6633 5472 6477 11885 7271 6679 9818 11793 10828 6101 4441 5426 6843 4123 18723 4120 3693 8596 2220 3581 3286 9358 7288 8021 8567 7210 23594 7375 4435 8732 16332 7479 21757 23236 20550 14388 7609 8163 
16816 12300 4673 8907 19038 3675 13347 7881 21864 14695 4331 2862 5655 6838 9624 14611 7527 5720 9982 17042 12035 11338 2399 8891 6931 3301 26702 1952 3900 13311 6887 1199 7961 10896 8992 8573 9785 6460 29982 8388 3574 9113 21993 12671 30200 29781 26038 20660 8448 9382 
33291 24044 13452 25679 45467 10386 35106 25927 51478 34721 17348 15250 21192 18623 16808 32846 22434 21329 29986 32572 32983 15695 14693 18486 19386 13751 53122 13743 10951 27888 8982 12142 7347 30149 19403 23889 27802 22905 67567 24266 14025 26766 46032 19779 62515 69570 61607 40269 24686 21809 
946127 772783 372673 171891 941608 399465 229188 203364 1052974 801674 322800 261307 229995 336196 681269 810551 496144 258079 549406 987768 631720 728398 261791 467576 512606 298913 1361570 298429 451436 644793 516319 354112 575875 130895 640112 556184 145421 201589 1394657 221441 377999 514543 1052974 803126 1415639 1359472 1209370 1121246 178024 610899 
11074 6516 9746 14621 17266 8056 18070 12049 20126 11582 7199 7593 9803 12192 5781 10693 6793 9608 10579 11928 12001 8560 6354 13370 4891 8962 21336 7495 5952 17830 10201 7109 9514 16230 3177 7028 15117 10875 27174 14097 5379 9051 16957 8848 24582 28076 24330 15580 14223 4327 
15830 11730 12055 14910 14887 10463 18181 11401 18099 9951 5307 7379 8871 14516 10866 10202 3806 8340 7558 17294 9159 13995 5984 16447 4154 10495 26947 6794 8459 21470 13235 8116 13698 16484 8500 2992 15221 10445 27326 15354 4886 5838 17074 14320 27354 27098 22843 21406 14443 7023 
260549 211358 97603 40427 259264 105128 73604 59562 291477 219480 83332 65940 56946 87232 185248 222004 132615 73007 147850 269819 171160 198739 65986 124585 137295 76540 378755 76494 119996 174969 138443 92234 155375 45566 173638 149685 32993 48962 388071 54606 99025 137846 290927 219985 394036 378067 335392 310337 42171 165241 
137815 108160 60775 37261 137095 58008 63568 27331 156514 113057 30982 20498 15076 61549 97732 114578 60692 24758 69875 142960 83983 109516 20526 84066 63513 44426 209073 26860 58396 114440 80083 42379 87469 46722 85422 70982 39142 10263 214744 41936 40443 63900 156127 117123 218285 208714 182987 167828 34440 80360 
45191 41683 54470 59493 29822 51403 65177 52117 27689 32545 40379 44494 47244 59211 47632 34351 38581 46821 37823 48504 35462 53659 42776 64358 39251 51465 40961 44336 48319 73399 57396 46883 55713 61908 44450 37013 59476 50293 21388 60630 40661 36889 30386 54285 34060 23697 24243 45428 59070 41093 
22575 17974 7146 4104 23542 8089 8618 6429 26371 19848 7823 5211 5621 5744 15256 19762 12226 7048 13579 22804 15670 16306 5658 9082 11939 5543 32644 6154 9418 13583 10795 6937 12308 6121 14604 13612 4998 4908 35330 2829 8520 12694 26232 18261 35445 34157 30344 26490 3637 14436 
80058 56482 38012 53183 85773 30699 70728 39588 100524 63101 15801 16495 27926 49316 49863 62659 25677 26917 44210 82915 51565 61966 10086 58184 22567 30846 133135 13847 23135 81255 43391 19878 47404 61209 39209 31141 55410 33473 142906 53120 5043 36310 95817 63290 143032 141855 122314 103360 50787 35364 
58028 43758 39723 42963 45043 36261 52918 32225 54677 40086 13627 20427 24504 44778 41120 40854 14800 22885 13348 60737 18235 50670 16197 54356 20637 32505 91957 20846 31402 69687 44862 27674 47528 47738 33929 18849 43884 29335 84236 44764 19380 8098 61826 51661 93200 81192 68207 73289 41538 29391 
11688 10319 16112 18257 9625 14833 20714 15620 8793 7559 11041 12598 13719 17961 12502 7886 9914 13320 12733 13668 11825 14853 11550 19329 10072 15091 13193 12158 13052 23103 16311 14032 15654 19439 11261 9302 18490 14902 14420 18590 10725 11440 5775 15098 13994 15321 12358 14936 17906 9952 
19813 14313 16981 25819 30875 14744 32575 23313 35263 22119 16250 16269 19856 20756 9331 20750 16000 19556 21825 17088 24013 9544 14550 20656 13088 17100 32088 14856 12481 27519 13719 14263 12525 28894 11225 16375 27181 21506 46394 24875 13050 19475 30675 7275 38944 47856 42044 22706 25094 12994 
107792 115692 168663 190737 120398 157010 210766 169252 113619 103562 131939 144629 153761 185527 134768 109305 122751 150511 145721 113955 138326 149279 136085 193650 124880 163257 89976 141043 142500 224408 164573 150483 160512 200373 123367 117765 192642 163397 108212 193454 129362 135188 93058 139110 68042 115552 117288 104178 187936 125748 
50320 46674 57110 60152 29943 53921 66703 53124 27726 37172 40920 45382 48057 62039 52584 39051 40590 46994 38263 53766 35074 58814 42606 65906 40553 53307 45922 46573 49175 75966 59474 49221 61004 63304 49184 38959 60775 51228 25573 61352 42752 37291 34927 59520 38748 21303 24143 50568 59236 45803 
13548 12443 15576 16503 7348 14610 18482 14369 6677 9565 10673 12024 12834 17069 14205 10134 10573 12512 9868 15146 8902 16103 11183 18240 10562 14424 14941 12385 13173 21287 16292 13187 16755 17452 13198 10079 16686 13795 8777 16861 11228 9574 9047 16306 12768 8172 5592 17641 16220 12152 
1568 1573 2542 3372 2976 2288 3929 3021 3141 2117 2205 2361 2682 2911 1756 1983 2143 2611 2713 1301 2928 2073 2174 3116 1857 2517 2007 2297 2065 3788 2436 2239 2319 3665 1741 2179 3496 2856 3557 3293 2073 2483 2603 1851 2678 3717 4041 1087 3301 1793 
101089 81179 34056 14036 101528 37058 34221 24449 114155 85626 31330 21905 20807 29884 69009 86632 50984 27212 57059 102700 66392 74353 23900 44780 51935 25657 147937 26114 42987 64874 50343 31915 56510 23076 66429 57791 18026 17623 155129 16909 36673 53107 114119 82826 155276 148907 131888 119151 11950 63080 
7970 4856 7096 9693 10917 5941 11999 7887 12865 7029 4190 4848 6352 8766 4903 6421 3907 6030 6494 8553 7465 6802 4002 9571 2614 6560 14979 4498 4504 12618 7978 5295 7448 10753 3125 4074 9987 7090 17674 9685 3336 5450 10695 6999 17197 18323 15743 11047 9377 2001 
