50 25
2
146 87 672 1337 31 559 2370 1089 33 32 5495 904 1466 143 615 564 226 3016 253 195 38 807 551 304 814 337 4368 577 482 495 231 322 685 12912 325 366 3671 2213 705 328 1681 1117 275 500 2241 733 222 49 1464 222 
7500 7500 7500 7500 7500 7500 7500 7500 7500 7500 0 7500 7500 7500 7500 7500 7500 7500 7500 7500 7500 7500 7500 7500 7500 
58268 58268 58268 58268 58268 58268 58268 58268 58268 58268 58268 58268 58268 58268 58268 58268 58268 58268 58268 58268 58268 58268 58268 58268 58268 
6740 10355 7650 5220 5776 6641 4375 3847 6429 5397 5220 4183 7391 5039 10350 6052 9568 9065 7159 4782 6033 6661 8846 11656 8663 
3205 5457 3845 2397 2628 3220 1839 2266 3118 2583 2297 1779 5116 2189 5399 2838 4941 4643 3507 2036 2891 3943 5985 6920 4386 
4914 26410 19622 13877 9148 14977 21848 35330 15112 23680 9828 19303 57473 11180 22957 15490 21294 18992 16657 12298 23856 48569 66066 66973 16204 
32372 29982 21024 29681 21275 20072 64293 80187 25921 69206 23097 48700 135171 40528 60516 52912 19804 15192 17164 34762 49569 105289 142842 137026 12183 
1715 2152 1578 1062 1250 1364 1524 956 1319 1789 1133 1015 2006 1380 2513 1824 2008 1901 1498 1108 908 1169 2040 1601 1836 
6422 23702 16197 10383 7484 12333 15841 27251 12445 17769 7029 13919 45475 6967 20327 10956 19446 17518 13730 8371 18685 38375 52623 53853 15198 
81972 28499 43134 65768 58806 48555 138615 155294 53177 147325 56999 102384 259515 96429 131920 118382 37594 40320 50570 78329 100962 199791 266358 256049 46245 
33391 26544 6371 16771 13572 8862 51551 57908 10985 57377 12741 33596 105796 32221 60072 46528 21821 21086 12129 22542 32942 78354 108941 104204 20705 
2021 2481 1869 1325 1526 1646 1817 1212 1593 2099 1396 1275 1940 1664 2870 2136 2328 2219 1789 1374 1157 1050 1977 1509 2145 
1460 1995 1402 870 1051 1181 1133 546 1135 1407 929 769 1950 1145 2315 1501 1847 1736 1319 833 916 1087 1986 2088 1668 
141015 205925 104130 12639 46089 66146 198301 220212 58178 241574 25277 97536 461992 106122 288419 185456 180442 161484 89775 55500 94239 323381 477722 453818 149807 
17685 32069 15323 8430 1232 9074 32781 41335 9255 37595 2463 19775 79236 16713 41957 28589 26227 23131 11334 10351 21854 59167 84558 81010 19673 
38208 42477 15320 15833 11526 5186 62653 71211 11563 70496 10372 38483 135275 36632 77570 55891 35789 30731 11600 23566 37603 98735 139911 133534 27616 
1954 5044 4090 3428 2290 3530 5554 8308 3559 5947 2435 4898 13135 3284 4635 4204 3956 3466 3423 3407 5552 11125 14963 15042 2869 
17182 36054 25400 16298 15829 21148 7311 21710 20779 12569 14622 11931 39914 11170 32480 14376 31373 29251 22701 12777 19788 33564 48347 54681 26699 
25641 35603 25154 15764 18422 21256 18478 8136 20438 23300 16271 12620 35095 19254 39868 24957 32987 31041 23681 14579 16582 19881 36498 38303 29843 
7031 10492 6305 2543 3918 4743 6856 7119 4415 8789 3062 2712 17459 5031 13094 8294 9444 8664 5715 2599 3102 11362 17710 17552 8184 
78454 92516 36644 27446 23563 23035 126333 141375 11423 144881 22846 74043 274079 75212 159433 114834 79434 75664 36305 45919 72233 198000 282712 269593 69255 
9453 12441 7754 3542 5082 6006 10275 10215 5639 12438 4124 5636 21790 8074 16239 11727 11268 10401 7100 5351 2796 14965 22071 18497 9864 
8597 14113 10501 7254 7876 9153 5467 6372 8870 6730 7313 5870 9506 6696 13555 7707 13238 12429 9845 6547 8361 10130 12180 16314 11615 
1581 2030 1326 694 925 1064 1629 1620 1008 1954 781 932 3067 1298 2601 1847 1854 1723 1228 889 505 2042 3109 2532 1643 
23171 48702 36073 26167 23494 30495 14919 33813 30656 11167 22334 20982 56026 17381 40179 15979 42539 39775 32512 21002 31291 49368 67092 77038 36406 
12088 19877 9670 3802 2252 5847 19650 23845 6261 22873 0 10703 46945 10145 26882 17728 16757 14856 7666 4959 11984 34713 50189 48040 13493 
4883 12852 10822 8930 6798 9435 11943 18149 9496 11617 7106 10898 28226 7117 7725 7912 10537 9496 9405 7881 13444 24198 31947 32615 8227 
24064 39683 24603 11050 13645 18976 20197 24685 17796 27157 10541 5271 59259 14845 44597 26496 35297 32489 21866 8099 15670 41636 64805 63421 30250 
4124 12149 8181 5611 2953 5851 11614 17111 5919 12852 3269 9074 29479 5624 13172 8745 9583 8421 6694 5561 10616 23935 33148 32668 7022 
281463 406770 325853 253235 264755 294458 211357 210756 289435 239639 248102 222222 124051 238875 392519 261534 380835 365875 308872 234998 267212 177232 183947 276549 352989 
11057 22114 11425 5582 2431 7436 19279 25460 7551 22352 1601 11699 49651 9023 26549 16964 18385 16408 8879 5683 14151 36827 53034 52630 14201 
8586 22449 14123 7459 6609 10791 11526 20449 10887 14092 5917 8953 37090 2958 20575 9917 18780 17129 11996 5121 14086 30041 42326 43386 15129 
12480 25455 22151 19070 15599 19893 23977 34081 19992 23444 16100 22275 50490 16118 8050 17412 21687 19992 19843 17362 26421 43931 56548 57637 17925 
3728 11117 8229 5827 4629 6633 6477 11885 6679 6101 4441 6843 18723 3693 8596 3286 9358 8567 7210 4435 8732 16332 21757 23236 7609 
4673 13347 7881 4331 2862 5655 9624 14611 5720 11338 2399 6931 26702 3900 13311 7961 10896 9785 6460 3574 9113 21993 30200 29781 8448 
13452 35106 25927 17348 15250 21192 16808 32846 21329 15695 14693 19386 53122 10951 27888 7347 30149 27802 22905 14025 26766 46032 62515 69570 24686 
372673 229188 203364 322800 261307 229995 681269 810551 258079 728398 261791 512606 1361570 451436 644793 575875 130895 145421 201589 377999 514543 1052974 1415639 1359472 178024 
9746 18070 12049 7199 7593 9803 5781 10693 9608 8560 6354 4891 21336 5952 17830 9514 16230 15117 10875 5379 9051 16957 24582 28076 14223 
12055 18181 11401 5307 7379 8871 10866 10202 8340 13995 5984 4154 26947 8459 21470 13698 16484 15221 10445 4886 5838 17074 27354 27098 14443 
97603 73604 59562 83332 65940 56946 185248 222004 73007 198739 65986 137295 378755 119996 174969 155375 45566 32993 48962 99025 137846 290927 394036 378067 42171 
60775 63568 27331 30982 20498 15076 97732 114578 24758 109516 20526 63513 209073 58396 114440 87469 46722 39142 10263 40443 63900 156127 218285 208714 34440 
54470 65177 52117 40379 44494 47244 47632 34351 46821 53659 42776 39251 40961 48319 73399 55713 61908 59476 50293 40661 36889 30386 34060 23697 59070 
7146 8618 6429 7823 5211 5621 15256 19762 7048 16306 5658 11939 32644 9418 13583 12308 6121 4998 4908 8520 12694 26232 35445 34157 3637 
38012 70728 39588 15801 16495 27926 49863 62659 26917 61966 10086 22567 133135 23135 81255 47404 61209 55410 33473 5043 36310 95817 143032 141855 50787 
39723 52918 32225 13627 20427 24504 41120 40854 22885 50670 16197 20637 91957 31402 69687 47528 47738 43884 29335 19380 8098 61826 93200 81192 41538 
16112 20714 15620 11041 12598 13719 12502 7886 13320 14853 11550 10072 13193 13052 23103 15654 19439 18490 14902 10725 11440 5775 13994 15321 17906 
16981 32575 23313 16250 16269 19856 9331 20750 19556 9544 14550 13088 32088 12481 27519 12525 28894 27181 21506 13050 19475 30675 38944 47856 25094 
168663 210766 169252 131939 144629 153761 134768 109305 150511 149279 136085 124880 89976 142500 224408 160512 200373 192642 163397 129362 135188 93058 68042 115552 187936 
57110 66703 53124 40920 45382 48057 52584 39051 46994 58814 42606 40553 45922 49175 75966 61004 63304 60775 51228 42752 37291 34927 38748 21303 59236 
15576 18482 14369 10673 12024 12834 14205 10134 12512 16103 11183 10562 14941 13173 21287 16755 17452 16686 13795 11228 9574 9047 12768 8172 16220 
2542 3929 3021 2205 2361 2682 1756 1983 2611 2073 2174 1857 2007 2065 3788 2319 3665 3496 2856 2073 2483 2603 2678 3717 3301 
34056 34221 24449 31330 21905 20807 69009 86632 27212 74353 23900 51935 147937 42987 64874 56510 23076 18026 17623 36673 53107 114119 155276 148907 11950 
7096 11999 7887 4190 4848 6352 4903 6421 6030 6802 4002 2614 14979 4504 12618 7448 10753 9987 7090 3336 5450 10695 17197 18323 9377 
